00-25-04-46918880d8725c48aabce7739fa26ff405      0  0    0 0       0 0     0 0   0 0     0  0    0 0    0 02      
01-06-47-850f7224925e994408b2a2c95070eb1be6      0  0    0 0       0 0     0 0   0 0   741                 2      
01-24-57-16e51172cd58354d39b05cb8507c812f77   2297 36 150023       0 0     0 0100017  1600 24    3 0    0 02      
01-72-20-39cd1b6d4622b446ab913df29575bb52b4    400 27  100 6       0 0     0 0   0 0  1000 67    0 0    0 02      
01-82-05-1969ca3dbdcde94103afd1cc1f095d6945      0  0    0 0       0 0     0 0   0 0     0 90    010    0 02      
02-08-04-6467565d353675441b9a3710964108a6c2                                                                2      
02-13-48-8781c3b588f9ba4006982758f870f2f813      0  0    0 0       0 0     0 0   0 0    30100    0 0    0 02      
02-42-01-910e4926dd925f4959a0a2ba9fcf76f4b1      0  0    0 0       0 0     0 0   0 0    18 35   8265    0 02      
02-47-01-605547333a50e842c3b7f5e0d596c94105   1600 10    0 0       0 0  720045  20 1  4000 25    0 0    0 02      
02-66-66-02eea4ad4f966f47d683df307558202d6a                                                                1991974
03-22-58-12a276a7cd34714b13a398b24552128770      0  0    0 0       0 0     0 0   0 0     0  0    0 0    0 02      
03-45-67-6217f44b30f5cd405eb90778c7156592d6      0  0    0 0       0 0     0 0   0 0     0  0    0 0    0 02      
03-46-31-846abc63d603c54c8fbce3495dce08f5ed   4584 67    0 0     69210   553 8   0 0  1047 15    0 0    0 02      
03-56-36-64bc9b40a668f6400e8f1d47278a5bb5fa      0  0    0 0       0 0     0 0   0 0   276 90   20 7   30102      
03-77-08-35e9fceece00044393aa812fcded6a8216   1980 63    0 0     46015   34511   0 0   340 10    0 0   12 11 92009
03-98-19-332af74dc3885e42718aa0a5bed9b7b3cb                                                                       
04-16-80-993488dabcb0f0414e85b0892e08bd35a7      0  0    0 0       0 0     0 0   0 0     0  0      0    0 02      
04-20-86-53b5288b868ad24efe9dd1d38a55b8ef05      0  0    0 0       0 0     0 0   0 0                       2      
04-31-96-124b4b853fb39446949bae0db4e452fd68      5  1    0 0       0 0     0 0   0 0    20 98    1 1    0 02      
04-49-66-61bfa1cc2538de4ccd873475195e0d1f31      0  0    0 0       0 0     0 0  20 1   410 80  30060    0 02      
04-72-35-9892b9570f94b14e3ba9515e71d493138d      0  0    0 0       0 0     0 0   0 0                       2      
05-18-84-95ad90d4901f254f99a3c8f108225fb490   3707 83    0 0       0 0     0 0   0 0   741 17    0 0    0 01111975
05-21-82-83478ae41fc1214b62b19ae0154060633b      0  0    0 0       0 0     0 0   0 0     0  0    0 0    0 02      
05-51-66-234833c9f491c54adbb73fe05846484934                       20                                       2      
05-55-20-57c51527bf510e483796d30dadec0ff31c      0  0    0 0       0 0     0 0   0 0                       2      
05-55-54-25f90128b15fd84712b23da52ea102218d      0  0    0 0       0 0     0 0   0 0     0  0      0    0 02      
05-96-73-206455054c25784852a537e4751f8f435b      0  0    0 0       0 0     0 0   0 0    13 93    1 7    0 02      
06-05-50-7860193fdc4caa4cdb9fde1514af28d7ce      0  0    0 0       0 0     0 0   0 0  1186 80  29720    0 02      
06-37-03-075b8bf508d5f348ebb1c1036d8b835f2d  12000       0 0       0 0     0 0   0 0             0 0    0 02      
06-47-61-53a7040ead2d704226862bb5fb5c8b8d7b   3785       0 0       0 0     0 0   0 0                       2      
06-95-26-82803d457b03ca4e4b801d8304104f4fb9      0  0    0 0       0 0     0 0   0 0     0  0      0    0 02      
06-95-53-3223a3d549fce64c1c8b5d098295e3c663      0  0    0 0       0 0     0 0   0 0     0  0    0 0    0 01122009
06-96-70-6499075a0d1bc24d8a92e75019bd11180f      0  0    0 0       0 0     0 0   0 0     0  0      0    0 02      
07-12-97-68bd4828f9b20c4f6abfe4a359eada7e21      0  0    0 0       0 0     0 0   0 0     0  0      0    0 01991974
07-19-26-64778379d74dd544b4b83aaef828e357f7      0  0    0 0       0 0     0 0   0 0     0  0    0 0    0 02      
07-73-19-278413b3343ec241268771b9ac10d4dae3      0  0    0 0       0 0     0 0   0 0      100    0 0    0 02      
07-89-96-529f4c62c6c3244f098bec2ef1896d8f9f      0  0    0 0       0 0     0 0   0 0     0  0      0    0 02      
08-20-01-66db325630a8554f86bb31812f0648565c   1507 88    0 0      56 3  24.7 1  18 1 108.3  6    0 0    5 12      
08-26-26-27224b985bcd714f44b069395222104432                                                                1      
08-52-73-981bb43407e5e14e4ea2f6a12758f985b5      0  0    0 0       0 0     0 0   0 0     0  0    0 0    0 02      
09-09-71-4671da491d04b1463f9ceb2f507d06c95b   5000 50    0 0      30 3  400040   0 0   600  6   10 1    0 02      
09-18-23-46c0fe40a20d5b4b8e9805ac27c298d232                                                                2      
09-74-42-02fc3cef654e724c1db32acc3c4835be79                                                                2      
09-98-78-453a6d3e7985e74f4c9c54205cf0d7f0b3      0  0    0 0       0 0     0 0   0 0   600 80  10017    0 02      
10-00-56-46effc522e23ae4a4db5e3fe6168d59c75     50                              20    1200                 2      
10-15-01-02230bbd21e5b34515986c4712d05ca38c      0  0    0 0       0 0     0 0   0 0                       2      
10-61-60-35fa98de2ff33844f0addbe2bb58f41480   3121       0 0             603                     3         2      
11-26-46-5220c9a373da7c4e32989e614f0db9e7e8      0  0    0 0       0 0     0 0   0 0   125100    0 0    0 02      
11-28-44-980990139eeaa64c7da10c16d8cd89826c      0  0    0 0       0 0     0 0   0 0     0  0      0    0 01 32012
11-62-61-278e9b2ad8a66f47669ede1506088e9fcd      0  0    0 0       0 0     0 0   0 0     0  0    0 0    0 02      
12-34-68-201262ffb3f7c24d3f8bcfe3e27c76c33e      0  0    0 0       0 0     0 0   0 0   560 95           0 02      
12-43-07-80b6946418f07e4feeaa4ed83dd4a67542      0  0    0 0       0 0     0 0   0 0     0  0    0 0    0 02      
12-87-61-13486c019ffbda4c5aa98114aa9bdb81fc      0  0    0 0       0 0     0 0   0 0     0  0      0    0 02      
12-90-48-3461e9dde626924887a8acd2fd4583d0ee      0  0    0 0       0 0     0 0   0 0 937.5100    0 0    0 02      
13-10-41-093d15d079ce3347dcbd443b7eaaf65426      0  0    0 0       0 0     0 0   0 0   600100    0 0    0 02      
13-42-52-9925168cf5198a4bbf863b5011fe0596bb      5  6    0 0       0 0     0 0   0 0    75 94    0 0    0 0       
13-43-11-9847e5a514e372463581b9df8779aabf31      0  0    0 0       0 0     0 0   0 0     0100      0    0 02      
13-75-01-91ebe20bc5bc7c4e68b57e2f1c6090c08e      0  0    0 0       0 0     0 0   0 0     0100    0 0    0 02      
13-86-41-701dae3cc3f13645798704c27e6a1c5772   2000 40    0 0       0 0     0 0   8 1  6000 60    0 0    0 01121970
13-90-90-4675239c4f0b424430a36ff97d2f18507b      0  0    0 0       0 0     0 0   0 0   679100    0 0    0 02      
13-91-33-31eada5d2637e2453c9b94b1138850b725                       15       0 0        2500                 1122020
14-25-36-1159e8a1477c2e4cd8a82359140295ebec                                                                1111975
14-78-98-65219c4558fe794d93b25cdaa6f45898b7      0  0    0 0       0 0     0 0   0 0     0  0      0    0 02      
14-88-21-2898855ffce9a4466fa1be7f67411cef09      0  0    0 0       0 0     0 0   0 0                       2      
15-14-18-986cb0f62882a34c72a57342836c312efc                                                                2      
15-18-34-06cdd34ce87a194d1bb7bc95833d35d428      0  0    0 0       0 0     0 0   0 0     9100    0 0    0 02      
15-18-39-59ef86d8e7554b46fb82edf7e517f76ba8      0  0    0 0       0 0     0 0   0 0                       2      
15-37-10-998d30be71117040fab4ce9e26f8af0e14      0  0    0 0       0 0     0 0   0 0     0  0      0    0 01992009
15-38-21-027affc2474ff6432bad68f8b8c5970a97                                                                1991974
15-43-13-32945b2a0ed9164eb3a924315fe1c2ca88   2970 97    0 0      60 2     0 0   0 0    30  1    0 0    0 02      
15-72-61-48792ce303f61f45c98f419dde9a9a4bee      0  0    0 0       0 0     0 0   0 0   600 95   10 1    0 02      
15-76-36-378692a2b4c2b24b708e632d07f4a07d4b   4000 31    0 0    400031     0 0   0 0  5000 38    0 0    0 02      
15-95-84-19f29231969a5b4af5882eb895873225ed      0  0    0 0       0 0     0 0 600 5  4000 75 200015    0 02      
16-03-65-146c497bddf9cc44eaa74d041b7ad24600      0  0    0 0       0 0     0 0   0 0     0  0    0 0    0 02      
16-08-16-733d35bf342bf14c76b74a5d292014ae38    300  6    0 0       0 0     0 0   0 0  4700 94    0 0    0 01 81996
16-19-85-8540e816918f534ced9e7310dbe18172fc      0 30    0 0       0 0     050   0 0     0 20    0 0    0 02      
16-49-36-99143e4faef10f4210a3c7a5f405c77376      0  0    0 0       0 0     0 0   0 0     0  0    0 0    0 02      
16-88-05-297e5434541642423aa74fd8c546af937d      0  0    0 0       0 0     0 0   0 0     0  0    0 0    0 02      
17-36-03-69652a993227894c51aec492470b9e69e8      0  0    0 0       0 0     0 0   0 0     0  0      0    0 01 72009
17-40-86-49ded7f5d9f403414eb52ebbe538234407      0  0    0 0       0 0     0 0   0 0     0  0    0 0    0 01 82012
17-79-17-0985ac9c3be9684f3cbffdc03b912a532e              0 0       0         0   0 0             0 0       2      
17-89-27-016cd5004547c24ce9a0f8509b2da272dc      0  0    0 0       0 0     0 0  30 3   970 80    0 0  245201      
18-08-37-11ba8d153ebaa84813be93fac74236fb22      0  0    0 0       0 0     0 0   0 0   200 98   2010    0 02      
18-17-35-5051ebc08efcb44960bee0a3c4a55713f2      0  0    0 0       0 0     0 0   0 0   400 99    4 1    0 02      
18-25-05-22294278e5b2914a92ad69e606a81584ec   1000 25    0 0       0 0     0 0   0 0  3000 75    0 0    0 02      
18-31-12-38d8e858a01bf644b6bb6f617974e34231      0  0    0 0       0 0     0 0   0 0    30100    0 0    0 0199    
18-57-85-561e7edef68d3b4de28554d101fdd30f50      0  0    0 0       0 0     0 0   0 0     0  0    0 0    0 02      
18-69-36-931cee32c5e8a94f2c99a2cd662929c718                                                                199    
19-25-14-508a69d6d3a47e40b3947804870c16d97f   2471 82    0 0     30010     0 0  30 1   181  6    4 0   25 11991972
19-32-48-588e0afcd96b0c4a548378d1ce71419c82      0  0    0 0       0 0     0 0   0 0   205 97    5 3    0 02      
19-41-11-33be0d3fe60bf44e029bca424bed2b5835   1500 50    0 0       0 0     0 0   0 0  1500  0    0 0    0 02      
19-62-24-100ac9ecae7a84456f91ca05f96d0cb08f                                                                1991974
19-86-35-774cbce22a484a4ac08bfe92e0d38b6b12      0  0    0 0       0 0     0 0   0 0     0  0    0 0    0 02      
20-14-91-3477b63d1267364fb69824735c3fc555d2      0  0    0 0       0 0     0 0   0 0 376.9100    0 0    0 02      
20-70-41-876aae68762f2a445781745cdbabd8fc4e      0  0    0 0       0 0     0 0   0 0                    0 02      
20-70-55-59221ad84269d34b79bcc9abd41d8f2fb7      0  0    0 0       0 0     0 0   0 0     0  0    0 0    0 02      
20-81-51-952d3ead54fa8846ddaca9a812767244d8      0  0    0 0       0 0     0 0   0 0     0100    0 0    0 02      
20-99-51-491239f3addf194bb69a0e174eb45de43f                                                                1991974
21-01-77-433562090d2a41401086709383c4ea763c 2000.9 36    0 0    288053     0 034.6 1   432  8    4 0  128 22      
21-06-86-31ce7a8dc61bed49f788d823da1855a9b8      0  0    0 0       0 0     0 0   0 0     0  0    0 0    0 02      
21-22-59-73404e1855c677452594a51e7f25017970      0  0    0 0       0 0     0 0   0 0     0  0    0 0    0 02      
21-58-46-84e167edae1264402caad7fd6007f8ebce      0  0    0 0       0 0     0 0   0 0     0  0    0 0    0 02      
21-75-41-89b4688b9b5df1411fb72588d659f08550   2588 25    0 0       0 0     0 0   0 07929.5 75    0 0 12.5 02      
21-77-87-538330886c38624292b1c08b474de626eb      0  0    0 0       0 0     0 0   0 0     0  0      0    0 02      
22-15-51-55b0d7925bf5034026bacd2b3def1a1aed                0         0     0     0 0             0 0       2      
22-31-06-4934c6e2eec2104bd6b8158b19b8f304b7      1  1    0 0       0 0     0 0   0 0    99 99    0 0    0 01992007
23-06-49-353280da4efd664a14afee47f8d1773ffe     90 45    0 0       0 0     0 0   0 0   110 55    0 0    0 02      
23-20-71-883f51b1c5c88149b497fbaf5a3b721ad3                                                                       
23-25-29-437b8bfe8da50645ec800fb52c567640ea      0  0    0 0       0 0     0 0   0 0     0  0      0    0 02      
23-37-02-3819fb087b522840408d9cba2d169af80e      0  0    0 0       0 0     0 0   0 0     0  0      0    0 02      
23-45-19-589299d162d3fa4df4be895ccafa978868      0  0    0 0       0 0     0 0   0 0     0  0    0 0    0 02      
23-48-88-3156c8e7f3edcb40c9baa9df4ac4f47a32      0  0    0 0                                               199    
23-59-46-860c8e8c0303bb4aafb7284409833adb66      0  0    0 0       0 0     0 0     0                       2      
23-96-87-25e333d8bdca374a92836a9590dd86c471                                                                       
24-61-44-030bb43ac4010e4e01be773a81aaf0087c                                                                1991975
24-89-09-94e7dfecff6ffe4286aa2195d8bcb3486d      0  5    0 0       0 0     0 0   0 0  1695 99    2 0    1 02      
25-17-54-76361ad171963841bbb3645046cf22af46      0  0    0 0       0 0     0 0  2025    60 75    0 0    0 02      
25-18-70-60c2b5fc68a90d40849ab1387e4f8d82df      0  0    0 0       0 0     0 0   0 0     0  0    0 0    0 02      
25-29-15-47ccac1f2e0ca14ec5b8059348d689cda0      0  0    0 0       0 0     0 0   0 0   400 90    5 1    0 02      
25-31-09-105382382a0c534f86ba72eaccdf6d5a62      0  0    0 0       0 0     0 0   0 0     0  0      0    0 02      
25-48-61-602d891d2b92f149c79e9bc21c992d2f57      0  0    0 0       0 0     0 0   0 0     0  0    0 0    0 02      
25-61-70-00785074df619d463f8053802c92e96b74   6916 34    0 0    369018   250 1 600 3   100  1    0 0 8727431 82019
25-66-18-83deee90b66083439f8882b5a61c567ae2    145       0        12       0 0   0 0                    0 02      
25-76-69-65d69f20c67b984d9f97e954ec7932412d      0  0    0 0       0 0     0 0  10 0     0  0    0 0    0 02      
25-83-12-16708f3c300a4e4de3860f6671178f6f90      0  0    0 0       0 0     0 0   0 0    70100    0 0    0 02      
26-24-28-417011f375562a47a8a25ebc1220d773eb                                             82             11  2      
26-26-10-6698f4915937cb4971804f8c440a7e9bb6                                                                2      
26-26-74-785a5a63e955564390989d3cdd4b7a8323                                                                2      
26-45-77-7316c36538583a48b2a46d8d34bff44f6b    225 35    0 0     30050     0 0   0 0    15  0    0 0    0 02      
26-49-97-561187a5d303b24b28aa79e895929ae24d                                                                199    
26-70-20-6543cab16657fc4334bb802d0f4c11975b     50 50      5        14       0     0       30             11 22015
27-01-55-62d7df1a6faea440f2ba5fe6ffb4fd236f      0  0    0 0       0 0     0 0   0 0                    0 02      
27-07-13-1077823385d96a4ef39f7be6319031b730      0  0    0 0       0 0     0 0   0 0      100              2      
27-07-69-25bb849df1f4e14d2582979b75b0ddf291      0  0    0 0       0 0     0 0   0 0     0  0    0 0    0 02      
27-12-97-63afb28d34da194a019465d81f7053ceab      0  0    0 0       0 0     0 0   0 0     0  0    0 0    0 02      
27-21-42-6223d11595c7d641d88dc0278f401da209      0  0    0 0       0 0     0 0   0 0     0  0    0 0    0 02      
27-68-78-78aedcacfe52b545c3b937e62bf904a870      0  0    0 0       0 0     0 0   0 0     0  0    0 0    0 02      
27-75-52-183a8327ccf46c4fbb8e06454526487ec1      0  0    0 0       0 0     0 0   0 0                      02      
27-81-45-32f88aad0aba7a46e5ab437201c76654b8      0  0    0 0       0 0     0 0   0 0  1300100    0 0    0 02      
28-01-45-62f580fb096aa44beea6c7121578719c47    200 17    0 0       0 0     0 0   0 0  1000 83    0 0    0 02      
28-02-63-881c281ac267df4c18a26fd4a1e21253f8      0  0    0 0       0 0     0 0   0 0   600 95    6 1    0 02      
28-25-64-3901b6e49d107447739033640e1a773b32                                                                1 71975
28-34-63-033d4b4d17201f42bcbfd971e1dc454dbb      0  0    0 0       0 0     0 0   0 0     0  0    0 0    0 02      
29-04-41-564dc3df919fb64505b59d7aeb085550c5      0  0    0 0       0 0     0 0   0 0     0  0    0 0    0 02      
29-13-94-871857815e7ccc4c3c80183ee70f1a522c   4657 44              0 0   409 4  20 14615.2 44   30 1  846 81992020
29-30-93-926ba457b9264f4babb4a6c6e42dfea2f1      0  0    0 0       0 0     0 0   0 0     0  0    0 0    0 02      
29-40-51-88c469efc2d6714682976b6b585c06cf0d     40 14    0 0       0 0     0 0   0 0   240 86    0 0    0 02      
29-41-98-71f0bcfec74a0a47169faf981b73dfa849   4000 50    0 0       0 0  200025200025  2000 25   45 0    0 01991974
29-76-24-492b3dc96996f948f885dd3b1505281d0f      0  0    0 0      2033     0 0   0 0    40 67    0 0    0 02      
29-90-32-999f349738c13945738f0fcac82fe05950      0  0    0 0       0 0     0 0   0 0   150 95    5 2    0 02      
30-32-58-8094eb3c0659614b39931c04086df0fe5c                                                                2      
31-02-15-72348369147018401aad245bfcb5738d49      0  0    0 0     10040     0 0   0 0   150 60    0 0    0 02      
31-38-01-30cafb01ca04e749029420f7d0e28cf946                                                                2      
31-39-34-321098202b04f14babb73327314f5983ab      2  0    0 0       0 0     0 0   0 0             0 0    0 02      
31-58-49-4499d486eaa08a4ac8af07cb0673c8d0c9      0  0    0 0       0 0     0 0   0 0                       2      
31-71-96-416612b0c5c8014bc590ab236d3f8a67b1      0  0    0 0       0 0     0 0   0 0   140100    0 0    0 02      
32-23-82-819ee2aeeaadc34d49b3e9a27cf1c11fa8      0  0    0 0       0 0     0 0   0 01263.7 94   25 2   50 42      
32-24-12-67125d8d8a804640ec8b0874f78b5d84c1                                                                1992011
32-36-85-0379476515eb48416683895ba014ecc043      0  0    0 0       0 0     0 0   0 0     0  0      0    0 01121975
32-60-26-67d698872d083a4f3aab63fba3e1385d86                                                                       
32-66-27-872a718ef1a4784eda94a1c077b1cbe868      0  0    0 0       0 0     0 0   0 0   326100              2      
32-78-57-97c9038cca0a5c46ffa45a80eb2a8f153c      0  0    0 0       0 0     0 0   0 0    80100    0 0    0 02      
33-09-36-22cd4738c1cacd47e19da8175173ed95b0      0  0    0 0       0 0     0 0   0 0     0  0    0 0    0 01 41974
33-28-65-96192b0578403c4a93ba6479062922aa97   6500 73    0 0     100 1  160018  6068   530  6   1011    0 02      
33-31-71-2549990debeaee42cb804cc691670e0e2c   1483 43    0 0    148343     0 0   0 0   494 14    0 0    0 02      
33-50-28-477f5a7dfb98b14df19f3d900b65ef6ee6                                                                1991974
33-68-65-4051bfa4b684b3404d8557a6a64f7835b7      0  0    0 0       0 0     0 0   0 0     0  0    0 0    0 01      
33-69-81-55b63b33a9c4364bd091c36ad0b8831869      0  0    0 0       0 0     0 0   0 0   124100    0 0    0 02      
33-77-33-7758419d176d9a48baaa9c66b254a3938d      1  0    0 0       0 0     0 0   5 0  4901 99   30 0    5 02      
33-93-86-1143c8bc84316143628719f30613f7d4da      0  0    0 0       0 0     0 0   0 0     0  0    0 0    0 02      
34-15-64-276ced9d767bc441b9a06a1166982cce64      0  0    0 0       0 0     0 0   0 0     0  0      0    0 02      
34-16-82-945cb5ad6abc0344b8b19eb50cd7d73989      0  0    0 0       0 0     0 0   0 0     0  0    0 0    0 02      
34-64-64-19b7bab450d3384920a28b9f3b6554eabd      0  0    0 0       0 0     0 0   0 0     0  0      0    0 01 71974
34-76-48-1957a192e1b8ac48c2a1b77aaa5048c77d      0  0    0 0       0 0     0 0   0 0     0  0    0 0    0 02      
34-80-29-34bf1c3aecee284e258f22f85725f42b49        90    0 0       0 0     0 0                   0 0    0 02      
35-69-84-1115c2671c717b4d46b4467b5b68f1cfde    749 30    0 0       0 0     0 0   0 0  2084 65    0 0    0 02      
36-72-54-665c43e0b866744f9091b111e708859602      0  0    0 0       0 0     0 0   0 0     0  0      0    0 02      
36-78-86-78bdf1b37700e6445494d008e4ead01d7f     84 70    0 0      2017     0 0   0 0  15.6 13    0 0    0 01 41976
36-81-06-0046d48df7f4a4411398075c1dcb707b4a  25000 42    0 0   1500025 1700028   0 0  3250  5    0 0   18 01991974
36-91-68-94f6c7d7c357e243c18c4020d27b2548cd      0  0    0 0       0 0     0 0   0 0     0  0    0 0    0 01 41975
36-98-89-492c04a7ae80bb4764b6c47cc1c53655f8      0  0    0 0       0 0     0 0   0 0   850 95   20 3    0 02      
37-27-71-315999ebc6135c4031ab2a360655509f4f      0  0    0 0       0 0     0 0   7 1  4000 98 100025    0 02      
37-37-76-2677e5ea11bf7b4db9bf901b1feb9d070e 7754.6 50    0 0  4652.730     0 0   0 03071.3 20    1 0 29.5 01991974
37-75-00-814a638846ffe444069573d2bf846c37f5    600100    0 0       0 0     0 0   0 0    30  5    0 0    0 02      
37-96-00-16e95cc212f78342788a95b2a64485d521                                                                2      
38-26-54-215cabcf457b23475f8986831763d110b5      0  0    0 0       0 0     0 0   0 0     0  0      0    0 02      
38-37-35-74e5d7186001f84e3a9654cc73d633e4c0      0  0    0 0       0 0     0 0   0 0     0  0      0    0 02      
38-69-00-13fd1406db080749f9a51f71bb79e4dc93      0  0    0 0       0 0     0 0   0 0     0  0      0    0 02      
38-70-89-36d3aa7051c6a34dd5aca32b709fe97a5d   1200 52    0 0     100 4     0 0 200 8   800 35    0 0    4 11 71995
38-78-05-3729c8d9a5d0af437894856b925778531c                                                                199    
38-87-40-88af73ee1145f04ee69c3d084c7dfaffd4                                                                1 71976
39-13-14-77fcd2bd96e91b45698d7973b3821889ca      0  0    0 0       0 0     0 0   0 0     0  0    0 0    0 02      
39-17-14-72bbfb6ee6cf4e4fffb2c39b84d5cbec66                                                                1      
39-26-59-484dae65f7eb2e4ee1902d52dfa7335a85      0  0    0 0       0 0     0 0   0 0  1000100    0 0    0 02      
39-27-42-332cae33cd8d35441eb7ac742efcd27f5b                                                                2      
39-89-72-02e5a143065e4c4facadb7731121117475                                                                199    
40-32-55-764893e1a19e2d4440a02cedc08aaf659e      0  0    0 0       0 0     0 0   0 0     0  0    0 0    0 02      
40-34-18-6597cfbb0a291b412d8e4f7d45d1e3a271      0  0    0 0       0 0     0 0   0 0                      02      
40-75-08-644f455f10e1f54b33b76e1aaf040a96c5                                               100              2      
40-86-20-4796d658e3b03e48669a24da99dc24e2b7                                                                       
41-07-41-06f14b3eaf7ec346a9ac8663a97605b5b9                                                                2      
41-21-75-34b0d39fc4044349968b86e08bb55307ba   3639 71    0 0   581.8 5   121 2   0 0   404  7    1 0    0 01992006
41-23-85-7585e5f808719248919a65d78e2173fa2d      0  0    0 0       0 0     0 0   0 0     0  0      0    0 02      
41-50-91-05c9dc170cded04c9e9aa8cebe2f43e539      0  0    0 0       0 0     0 0   0 0     0  0    0 0    0 02      
41-59-36-73ff80932637a240fabb8995a2fb0c5042  10000 49    1 0    700035  300015   0 0    16  0    0 0    0 01991974
41-73-91-911f828c46e384401a80188e31eabc1470    120 21  10018     18033     0 0  30 5    25  5    2 0    2  1992018
41-91-51-72401f9e505bae4e0f9ad96094b1c19708      0  0    0 0       0 0     0 0   0 0    50100    0 0    0 02      
41-96-69-59e933585507964a6d8fd90574824cc223      0  0    0 0       0 0     0 0   0 0     0  0    0 0    0 02      
42-06-63-621c7c633ae925476bbbb12c4b740e4773      0  0    0 0       0 0     0 0   0 0     0  0    0 0    0 02      
42-50-49-964a6fd370f78144558b9cd27c0a523bdb     60 25    0 0       2 1     0 0   0 0             0 0       2      
42-50-81-42b82f1052c90443feab80715f0debf0b7      0  0    0 0       0 0     0 0   0 0     0  0    0 0    0 02      
42-84-08-46a11fd4a5364e41149e9ffa0691e108cb      0  0    0 0       0 0     0 0   0 0     0  0    0 0    0 02      
42-90-14-91505dc07020894b20bd8524f55b60e7b7  15000 79    0 0       0 0     0 01000 5  3000 16   20 0    0 02      
42-94-68-658dbc98013ea449dc96f4bddd0829fca7      0  0    1 5       0 0     0 0   0 0    20 95    0 0    0 02      
42-96-10-47c2bfbc2124944b10822bc057172a43a6      0  0    0 0       0 0     0 0   0 0 637.5100    0 0    0 02      
43-13-50-129b327eee441644fa9c60cc1ce475c819      0  0    0 0       0 0     0 0   0 0     0  0    0 0    0 02      
43-18-08-76f99b2651c0a44659ab5fd4d502d4ae39   1050 97    0 0       0 0     0 0   4 0    18  2    8 1    0 01991976
43-26-90-092b9f26641bce46f9bc9c1c07fc7c6595      0  0    0 0      1022    1533   0 0    20 44    0 0    0 02      
43-51-92-3514836a6a1d584b6aa884961583841e86   3250 37    0 0       0 0     0 0   0 0  5500 63    0 0    0 02      
44-04-67-2219e24541cabe4988a0db49ae14b0f7d0      0  0    0 0   64000 0 36000 0   0 0     0  0    0 0    0 01102020
44-09-88-30597dabb527f44f8ea720b3800587d740      0  0    0 0       0 0     0 0   0 0    90100    0 0    0 02      
44-15-06-310442d4465cbe4d1a9a35e1fe69d9d7b3   7300 70    0 0      25 1     0 0500030  1000 30              1 71977
44-19-72-77bd96286f17db48a9950317649c4ec678      0  0    0 0       0 0     0 0   0 0     0  0      0    0 02      
44-33-82-645d06000469db4f19a3f0581b98da761016444.8 55    0 0  1445.8 57664.426   0 04138.3 14    0 0   81 02      
45-09-73-29cb53fd104e0446d0acdb58a80c95641e      0  0    0 0       0 0     0 0   0 0     0  0    0 0    0 02      
45-27-93-47b36cdabc46714c7dbf6ba97c017c3638      0  0    0 0       0 0     0 0   0 0   700 82  15018    0 02      
45-38-70-12165b8fe85942452591ced9a6820d5708         0    0 0       0 0     0 0   0 0     0  0    0 0    0 01112004
45-38-95-831f260d0e1b424caeae98053e36bc411d      0  0    0 0       0 0     0 0   0 0     0  0    0 0    0 01102020
45-95-41-628b987ad6b53141b2857df3b28805db11      0  0    0 0       0 0     0 0   0 0   300100   3010    0 02      
45-99-53-45d13ccd5df52c427096d3b7c81b09832c      0  0    0 0       0 0     0 0   0 0     0  0    0 0    0 02      
46-07-65-0195adffdee2f4450e86ee14784a0bf5b9      0  0    0 0       0 0     0 0   0 0    99 99    1 1    0 0199    
46-09-15-00b8f84f6c68884733a485751831dc5376                                                                1991974
46-18-31-36f133e6a6cd7d436f885815fbbc62cd80   1500 59  100 4       0 0     0 0   0 0   500 20    0 0  537211 72009
46-33-31-2089750db895d64457bdcfcc8ca143af7e      0  0    0 0       5 2     0 0   0 0   194 97    0 0    1 12      
46-33-98-51da855bf4b7654c08811714c1e8303861      0  0    0 0       0 0     0 0   0 0    50100    0 0    0 02      
46-49-76-041e499b55e516436d9c59338df8cec029   3045 45    0 0       0 0     0 0   0 0       60              1991974
46-65-58-9771c12c06b5fc4a5a9d9dac3169a30345      0  0    0 0       0 0     0 0   0 0    60100    0 0    0 02      
46-90-51-464206c150cea94848b270de23645a68b2                                                                1991990
47-37-57-816ef675ef3ed6450bb99d74f2b310478d   3000 60    0 0       0 0     0 0 100 5   500 10    0 0    0 02      
47-77-49-359d0958b68d91453b827b59300014a60d      0  0    0 0       0 0     0 0   0 0  1200100    0 0    0 02      
48-55-19-05d66769e8d63645de8ed6530650607589      0  0    0 0       0 0     0 0   0 0     0  0    0 0    0 02      
48-58-41-94ae5e4302649b4e8982c13d041c8886c7      0  0    0 0       0 0     0 0   0 0     0  0    0 0    0 02      
48-88-74-273000a4f11d824c75a399f223b5c9bf94   1300 65    0 0     25013     0 0 100 5   250 12    0 0  100 51991975
49-03-92-63b491fdd944cc489981d96c018655aa23      0  0    0 0     10050     0 0  5025    50 25    0 0    0 02      
49-19-04-48367de8c2b21047c483736e9d470df962                                                                2      
49-19-23-22a99f63cbbd8245038e6ed2802c94c068      0  0    0 0       0 0     0 0   0 0   960100    0 0    0 02      
49-22-31-97a948698eef2344b599e37654aef831b8      0  0    0 0       0 0     0 0   0 0   120100    0 0    0 02      
49-42-36-30191fb2b4a4f74a81bb0155b82bb833a2      0  0    0 0       0 0     0 0   0 0                       2      
49-48-82-733028076d1e3e476593b20cb5a39eb5d4      0  0    0 0       0 0     0 0   0 0   230 99   20 1    0 02      
49-73-13-47e9e9f54b90d4480db2d5c5a7292e7d7e                                                                2      
49-75-61-59e3be82b1ed0147af89643f86b1382c8a      0  0    0 0       0 0     0 0   0 0                    0 02      
50-01-79-9525a6c8119a5146f6aefa16cfacc93ff4      0  0    0 0       0 0     0 0   0 0  1000100    0 0    0 02      
50-02-42-5314907600d07a43fbabc36a76ed0399d1    400 80    0 0       0 0     0 0   5 1    20  5    0 0    0 02      
51-19-61-40a24a5d3b6e02492695b956b3415871f3      0  0    0 0       0 0     0 0   0 0   600 95   6510    0 02      
51-92-61-2713f41b32a90b4c3e9fe9955976c9475f      0  0    0 0       0 0     0 0   0 0   600 95    6 1    0 02      
51-99-24-515842d145c13d423a833932dd5f27dde815552.5 41    0 0 21806.658     0 0   0 0  56.2  0    0 0   50 01991974
52-01-16-4090043f87344648f99a7c2c4b727099fa      0  0    0 0       0 0     0 0   0 0     0  0    0 0    0 02      
52-15-61-0927df821c3fa449a782848286dede981a      0  0    1 3       0 0     0 0   0 0    30 97    0 0    0 02      
52-45-58-270be236046c404b558ae6a25383f1267c                                                                2      
52-62-72-9545b871be434048e090eaad7d65951005      0  0    0 0       0 0     0 0   0 0     0  0      0    0 02      
52-93-64-32e4e9a82e18d74e04bd92536535359a24      0  0    0 0       0 0     0 0   0 0     0  0      0    0 02      
53-07-49-56e56a8b1275394ae18edb1878d23a2b16  12000 80    0 0      50 1     0 0 100 1  4500 38    0 0    0 01992013
53-15-69-56f1124eec85b74ff5936213a113b5d64b      0  0    0 0       0 0     0 0   0 0     0  0    0 0    0 01 92014
53-16-29-9951fc1fbc9c2f47a7af4c675fc17bded4                                0                               2      
53-20-64-93918b7e85940e40ad88f1d82ca73410dc   4000 80    0 0     300 5     0 0 300 5   300 20    0 0    0 02      
53-26-71-37e7a1e4afbcc44feab9fc8e3ece243379      0  0    0 0       0 0     0 0   0 0  1230100    0 0    0 02      
53-51-12-15ec05526324814239921678d12b25f067      0  0    0 0       0 0     0 0   0 0     0  0    0 0    0 02      
53-69-50-52e92379a4efff4aa0aac3a8b1f33ba500      0  0    0 0       0 0     0 0   0 0   300 90   12 4    0 02      
54-28-20-71ca9e1929e6174446bae6647c91b28d29      0  0    0 0       0 0     0 0   0 0   144100    0 0    0 02      
54-36-46-92eb545752053e4135b916dac793f89cb2     12 19    0 0       0 0     0 0   0 0    50 81    0 0    0 02      
54-45-30-5176e20c2cda3f44bb916dbd0671d1a8cf      0  0    0 0       0 0     0 0   0 0      100    0 0       2      
54-56-92-33ef36b869c7c14c9a8ea1427d99041e52      0  0    0 0       0 0     0 0   0 0                       2      
54-57-91-17bb85e5cb1ad441878be5583634d32790   68.5 70    0 0       0 0    9595   0 0     0  0    0 0    0 02      
54-74-34-13caf589f4ac7e445597193c24ebe33bed      0  0    0 0       0 0     0 0   0 0     0  0      0    0 02      
54-87-63-820c43f755c17c4cefbf88a83b071f83bd                        0 0     0 0   0 0                      01991974
55-10-59-089399e8e059a14b6aad3315d083e666d2              0 0       0 0     0 0   0 0                    0 02      
55-49-79-962e1b2c86d4ec4d158237f87641d6f9fc      0  0    0 0       0 0     0 0   0 0     0  0      0    0 01991979
55-52-88-39a39eb0efce854ee39cbb9f84a597f9b1      0  0    0 0       0 0     0 0   0 0     0  0    0 0    0 02      
55-64-91-20b7eb56c24748406ea75ff8d1953698e8      0  0    0 0       0 0     0 0   0 0  4000100    0 0    0 02      
55-81-07-306aa7bdc123654dc1820358164e974528 1099.2 71    0 0       0 0     0 0   0 0 378.4 24    0 0   81 51991988
55-82-98-301559b6cd9fb745089b8f4daa4ff046dd      0  0    0 0       0 0     0 0   0 0     0  0    0 0    0 02      
55-96-15-98528b0becd76c4871b627cc20498ffce2      0  0    0 0       0 0     0 0   0 0    25  0    0 0    0 02      
56-06-88-30b9b5d4f2cafc4bbd862d1acc8dc7bfa2                                                                1 61974
56-41-32-21f5ea9f12131b4c77b6f94ff055576977      0  0    0 0       0 0     0 0   0 0     0  0    0 0    0 02      
56-47-04-88df0144a1b60c47abae94f3492d316b5a      0  0    0 0       0 0     0 0   0 0     0  0    0 0    0 02      
56-48-48-64e775d95612f14714997bcee17cfd6476      0  0    0 0       0 0     0 0   0 0     0  0    0 0    0 02      
56-81-75-322e5d0d86ea8c420cb3d6ab357c64f810                                                                1991975
56-89-21-4804e552f499eb4372af86db2a6f9fcfb7                                                                2      
56-98-97-09840d80d072714235a6013a397e1a2115                                                                2      
57-17-70-6660701ba742df4cac8fec4f99839ce5d5      0  0    0 0       0 0     0 0   0 0     0  0    0 0    0 02      
57-18-27-73325196d639804870989c5645813dfc28   1727  2    0 0    1282 1     0 0   0 0 73071 81    0 014410162      
57-18-56-44b54cede9853b41b4950ae1565695f7f6      0  0    0 0       0 0     0 0   0 0    40100    0 0    0 02      
57-42-63-42a5ac4d6073f74a7b925232557141af33                                                                1991977
57-57-47-642ad94eeebad7436b8fdc6d81fd528e69      0  0    0 0       0 0     0 0   0 0    60100    0 0    0 02      
57-64-79-661f43ed7c202a4586b8e548ccbd69c3b6      0  0    0 0       0 0     0 0   0 0     0  0    0 0    0 01 61992
58-00-91-11bf7041ac3d2042b8851971819ded7c99                                                                2      
58-26-44-48a0dae24c068f404ca1ff8b250cdfe828      0  0    0 0       0 0     0 0   0 0    40100    0 0    0 0199    
58-39-06-09c6c4d81af2b8415f950623ef389193fa                                                                2      
58-80-03-38807155a89a424a75b19745feca02e2e5      0  0    0 0       0 0     0 0   0 0     0  0    0 0    0 02      
59-08-38-461e98590eb4584a278c3602cd82674c2b      0  0    0 0       0 0     0 0   0 0     0  0    0 0    0 02      
59-13-03-49467289ce09d245efaa26dbdf13057484      0  0    0 0       0 0     0 0   0 0     0  0    0 0    0 02      
59-26-85-374f47b2cf197945efa727c43b331e2dca      0  0    0 0       0 0     0 0   0 0     0  0    0 0    0 02      
59-80-69-0006f51831c3c74d799c4dc7a1622ad3dc      0  0    0 0       0 0     0 0   0 0     0  0    0 0    0 02      
59-99-46-0217daf20b3e434ebfab2918b5ac9ff794      0  0    0 0       0 0     0 0   0 0    30 99    3 1    0 02      
60-08-15-27f14e56ebf1794a8eb327327a83179efa      0  0    0 0       0 0     0 0   0 0                       2      
60-22-91-2413f9446e5bd0488aac74098b29f732d7      0  0    0 0       0 0     0 0   0 0   250 98   10 4    0 02      
60-33-56-84479043057b75453ea2edcff95b769205      0  0    0 0       0 0     0 0   0 0  1382 93  100 7    0 02      
60-38-63-601cbbe2c3d8364a9b823982f796fa2ca8      0  0    0 0       0 0     0 0   0 0    40100    0 0    0 02      
60-82-23-67c95aea9004c44e7987a36f165038c296      0  0    0 0       0 0     0 0   0 0  1000 90  10010    0 02      
61-67-58-19f9e7da47ec544fb2b332c4a6e70cd146      0  0    0 0       0 0     0 0   0 0     0  0    0 0    0 02      
61-94-13-019bf220588ea249df87990c6299492f23   6000 79    0 0       0 0   80010 400 5   300  4   50 1    0 01 92012
61-95-67-05eae04f9d44f04d41a5b915fad9e8e180      0  0    0 0       0 0     0 0   0 0   300100    0 0    0 02      
62-74-07-27ffb967d9e5c74a26ade30f318feb7b8c      0  0    0 0       0 0     0 0   0 0     0  0    0 0    0 01 41974
63-70-86-477e157d7177274f538caaca9a6e8d6105      0  0    0 0       0 0     0 0   0 0                       2      
63-90-91-25fada39b7ffaf4aad9aab8236bf4c05ce   3400 73    0 0      25 1     0 0  15 01183.1 25    0 0   62 11 41976
64-07-32-05695da51d1ef54dfab81c3067203687bd    450  33305785    1012 3  2494 6   0 0  1053  3  256 1  533 11 92012
64-59-58-64d78767c97856482b9eb8c29a8e839de5                                                                2      
64-65-01-443152b71dd51e45b2a554d90693c57e9b                                                                1  1972
64-73-64-28a60104175ece44a882427c3a6620a88d                                0 0   0 0                       1111975
64-74-56-949ee6dac9291e47d1bf2feddb08051e6c      0  0    0 0       0 0     0 0   0 0     0  0    0 0    0 01 21976
64-90-86-83b88daedc66a64aa8bbfd528d9370e8fc      0  0    0 0      10 0     0 0   0 0     0  0    0 0    0 01      
65-13-11-412092478b22284ed3aae6a81aa52fcf24      0  0    0 0       0 0     0 0   0 0     0  0      0    0 02      
65-81-67-440ebe512b412c4f0495e29b39297e9c4212889.1  8    0 0152428.891     0 0   0 01587.7  1    0 0    0 01991974
66-60-19-68c2861c5d513b4374b4d5963df3340494      0  0    0 0    200077     0 0   0 0   600 23    0 0    0 02      
66-87-67-48b08312442fb842cea466f4cdd7c5e7f6              0 0       0 0     0 0                             2      
67-18-71-960f1861c554234d68b89dd362ee35f49d   4500 30    0 0    750050     0 0 450 3  2550 17    0 0    0 02      
67-43-52-36b27c19f0b9984877ad2a5fc119576e76      0  0    0 0       0 0     0 0   0 0     0  0      0    0 01 82016
67-53-49-1227a5fc9732394bf0aad29c5a415054af                                                                2      
67-53-62-248c79e16a7a5b4aa29dbd200e7847316c                0               0 0   0 0                       2      
67-88-35-02f577f61ab2a040099fa593b6f0a765f4   2100 50    0 0     40010   50025 80020    75  2    6 1    0 01121975
67-97-74-04a02c55771b97476ca485b47914766d08                                                                2      
68-27-78-239dae409b6cf447cf822894ddd5d76616      0  0    0 0       0 0     0 0   0 0                       2      
68-28-46-82e6a36c5a2f714c0ea5f3464f3500a1b6      0  0    0 0       0 0     0 0   0 0     0  0      0    0 02      
68-31-19-50896d20727c3f4d41951ddbd9c4369843   7000 35    0 0       0 0     0 0   0 0 14000 65    0 0    0 01 51975
68-41-25-912e4a826b41d74cc38e288fe75d68245f      0  0    0 0       0 0     0 0   0 0     0  0      0    0 02      
68-44-83-9994247a05d594489baa67dc74943ea639      0  0    0 0    370064     0 0   0 0  2060 36    0 0    0 02      
68-53-75-059da9f449b8b04b72b22d6b57d7b65ae8  617.8 63123.612       0 0 197.720   0 0  49.4  5    0 0    0 02      
68-65-93-02e9397d0f82ad4bfba9cf51e5f8041e33                                                                1991974
68-73-55-08e4f3455cc51e425e91c53afd4ac8b214                                             90                 199    
69-21-22-84ca0d36fcf25d43f9a33167b4b93205fa      0  0    0 0       0 0     0 0   0 0     0  0      0    0 01 71983
69-31-53-126d39df0a5a674d3188c9b0ac6489b314      0  0    0 0       0 0     0 0   0 0     0  0    0 0    0 02      
69-43-45-371b3f2cc913f54721800e147313d5ab68      0  0    0 0       0 0     0 0   0 0  71.6100    0 0    0 02      
69-50-05-57e33f57dfb7b84f53858a83ac171ee62a                                               100              2      
69-86-63-022a082a840e3446b1ae41e76d0befcbbc     40 40    0 0      2020     0 0  1010    40 40    1 1    0 02      
69-86-71-39f4537b7c6c8440ed94409f23e12ea4c4      0  0    0 0       0 0     0 0   0 0     0  0    0 0    0 02      
70-46-01-49e0ca431d47684c169972c0ce2e9e97bb                                                                199    
70-54-85-53d73678610d1c4314b3630a78716e6605      0  0    0 0       0 0     0 0   0 0     0  0    0 0    0 02      
70-77-10-40710b44bd42ab451087304ca68e4c7e9a      0  0    0 0       0 0     0 0   0 0     0  0      0    0 02      
70-88-77-37b834a9a3239a4992b0cf29b31cca5572                                                                2      
70-88-93-42d9aa6e339c7e4eb183f6854ba046085a      0  0    0 0       0 0     0 0   0 0     0  0    0 0    0 02      
71-14-74-57986c71d5d3e24c888bc3433d01a8ad64   4000 75    0 0     200 4     0 0   0 0  4000 75    0 0    0 02      
71-44-36-118f6af765e99d400f81b359fe46461c46                                0 0   0 0             0 0    0 01 61976
71-46-61-4356f34a5a9fd24bcb866f2364511f3e45      0  0    0 0       0 0     0 0   0 0     0  0    0 0    0 02      
71-49-76-645d4c9003739a43239a3ea474bcf69e8b      0  0    0 0       0 0     0 0   0 0   347100    0 0    0 02      
71-55-62-562c51d376dec44350b384686485e7f87b      3  2    0 0       0 0     0 0   0 0   165 98    3 2    0 02      
71-62-74-523ca15d60c14d4d3aa5e1a004f6841e6c      0  0    0 0       0 0     0 0   0 0     0  0    0 0    0 02      
71-69-84-384d4c4e5485c3467f894b18cb63bf5332      0  0    0 0       0 0     0 0   0 0     0  0      0    0 02      
72-09-40-5204963ef762834b55ad7af5ccfce0dfdf      0  0    0 0       0 0     0 0   0 0   140100    0 0    0 02      
72-21-11-659a9447056768482cbf426a2346d83353      0  0    0 0       0 0     0 0   0 0                    0 02      
72-83-64-1283985e7b080342968f59e2a18f9ee815      0  0    0 0       0 0     0 0   0 0     0  0    0 0    0 02      
73-11-12-85ab8dbb46c0974fefa32004966337caa9        30    0 0      5050     0 0     1       19      0    0 01 81976
73-17-49-24b40cf7fde8ac422f92b754bc5e8e16c8   3485 89    0 0     182 5    99 3   7 0    95  6 113029    0 01991976
73-18-91-7856c31995450e4696a30c3cf43bdc2098      0  0    0 0       0 0     0 0   0 0     0  0      0    0 02      
73-35-38-3841e5b2fe3fbc464d8870515ba17ca5dd      0  0    0 0       0 0     0 0   0 0        0      0      02      
73-49-58-619cf8711d64da4eda8e9e7f30d541ee00      0  0    0 0       0 0     0 0   0 0     0  0    0 0    0 01121992
73-84-08-5995652a7730b946b7bb692c5d4f56ffc6      0  0    0 0       0 0     0 0   0 0    30 98    3 2    0 02      
74-08-21-61be87f4e96d854f55bdcb608ef6cb5c28              0 0       0 0                                     1 11976
74-63-46-98bf9a124e899e46568c8e4272f9f02a62                                                                2      
75-04-18-43caa805ee95a64c4d9edca1ea704030e1    500       0 0       0 0     0 0   0 0                       2      
75-48-08-271144c4f7db1e4524b686a020b24df778      0  0    0 0       0 0     0 0   0 0     0  0    0 0    0 02      
75-50-63-56635264b2119845379ad0ab92f905ac5b      0  0    0 0       0 0     0 0   0 0     0  0    0 0    0 01 12017
75-62-04-494bb0096a24a543cf8860946b5deb2e62      0  0    0 0       0 0     0 0   0 0     0  0    0 0    0 02      
75-70-17-13dcb4587bbc5e444e8774c64b5184ace4              0 0       0 0     0 0   0 0                       2      
75-74-23-94c362363131b94433a81a4766f2bfe1b2     10       0 0       3       0 0   0 0   100      20      0 02      
75-92-25-12a70e8ea4b694497b8e948a60f798997e                                                                1 82002
76-08-59-310e8543db68e64eeabeb44e4cb1200a21  313.6 31    0 0       0 0     0 0   0 0 686.4 69    0 0    0 02      
76-71-24-28f42b3cff8e7542349510b72ff79b97c6      0  0    0 0       0 0     0 0   0 0     0  0    0 0    0 02      
76-93-90-55925345c8cb9c4be3bc12178fafd5c0d7      0  0    0 0       0 0     0 0   0 0                       2      
77-22-18-51b7bf6b633ad04f4e9a717968e347a9e7     10  1    0 0      30 3     0 0   0 0  1250100  20020    0 02      
77-42-97-77fef6a76e1bb54d098d8f16624b89f5a3  10256 55   10         0 0     0 0   0 0    30  0    0 0 8391451 61977
77-52-04-97d9914452244941388c5b8bcb5d733be3      0  0    0 0       0 0     0 0   0 0     0  0    0 0    0 02      
77-76-56-50620c1bddb1e34d9ea13def8af6fb7328    100 56    0 0       0 0     0 0   0 0    80 44    0 0    0 02      
77-90-43-10899ac1ad6a7a4bec8d3a89d04509486d                      100       0 0   0               2      0 01 51976
78-44-73-522794ee8f8b604873a6fb9133ce96ef50                                                                2      
78-83-02-820fa9af9aa68f4ac9b401795410d354aa      0  0    0 0       0 0     0 0   0 0     0  0      0    0 02      
78-97-99-584beddcfa90a942bfa420d2f1fce1aab4      0  0    0 0       0 0     0 0   0 0     0  0    0 0    0 02      
79-01-64-21c262e6ff367d47d78d0c51b127d2aca6      0  0    0 0       0 0     0 0   0 0  1800100    0 0    0 02      
79-09-08-534a03266da70c4f358558b877c0c2e024      0  0    0 0       0 0     0 0   0 0     0  0    0 0    0 02      
79-27-57-794ecba26a53b844e4ad16274d9cb53847      0  0    0 0       0 0     0 0   0 0                              
79-41-82-58943fb6c176d746cd80d3a6da8bf7567c     17       0 0       0 0     0 0   0 0     0  0              2      
79-42-29-08bf89851c4d80445baa9b811c96c105ec      0  0    0 0       0 0     0 0   0 0     0  0      0    0 01991991
79-44-80-79429d3bb6c0cd4db38d361aebd93138a7      0  0    0 0       0 0     0 0   0 0     0  0    0 0    0 02      
79-53-96-304e20a63c5a7e456ba766ac32dd03dd59      0  0    0 0       0 0     0 0   0 0     0  0      0    0 01992004
79-57-43-887af8d6f490d34503b9f5ada6d1b978d0                                                                       
80-69-14-11b0bb817f9b4640fab624ac2bd96d1393                                                                1991975
80-72-14-74155149dde98a4459be442d58a9b919ea      0  0    0 0       0 0     0 0   1 2    55 98    0 0    0 02      
81-09-47-303174571d030f4ac180dd9105d070da31    300                                    1200                 2      
81-60-33-05f35516423cb149e69e289374ad87e354         5    0 0       0 0     0 0   0 0       80     15    0 02      
81-63-39-1661275c87a7394ab6abfe0e69bd48efa1      0  0    0 0       0 0     0 0   0 0     0  0      0    0 02      
81-64-65-296f588965c68f4cdf96717d3b3ee96d0a      0  0    0 0       0 0     0 0   0 0     0  0    0 0    0 02      
82-00-70-671c8285eaed7943f6bc4e8af04cfef016      0  0    0 0       0 0     0 0   0 0     0  0    0 0    0 02      
82-17-90-7015e67277b5d243b38c6e18cde2266a86    100  8    0 0       0 0     0 0   0 0  1100 92    0 0    0 02      
82-26-76-44842940c8c5e94feaba514018f8bbf280      0  0    0 0       0 0     0 0   0 0     0  0      0    0 02      
82-75-74-7914df7f3205094f6cb1ad0ebc0dffd57b                                0 0                             1 12012
82-77-75-50faca2f10a55e4dc680ae094982285aa7      0  0    0 0       0 0     0 0   0 0     0  0    0 0    0 02      
82-84-35-907f59f51a87ae48558aed72acef0fca57              0 0       0 0     0 0   0 0                       1 61976
83-10-26-33184226059a514ae09d5ea8828e3f8197      0  0    0 0       0 0     0 0   0 0   150100    0 0    0 02      
83-16-59-092e95e11779ab4980bd789a1f3e50ddcd      0  0    0 0       0 0     0 0   0 0 25000100    0 0    0 02      
83-19-75-7880a444be5f594bbbb262c0a5f367c8a4                                                                2      
83-31-96-57c9f7efb1b0bd4ee08d16619193b3d031      0  0    0 0       0 0     0 0   0 0                       2      
84-07-21-5415971b4b80174f389ebdebefa777e789  80000 79    0 0   1100010     0 0   0 0 10270 11    0 0  0.5 02      
84-08-31-485ed48f906d4a4b4880de3ac100c21781      0  0    0 0       0 0     0 0   0 0                       2      
84-53-49-90fadb274b86e54c34ae7f02c1cfec2811      0  0    0 0       0 0     0 0   0 0     0  0    0 0    0 02      
84-56-25-6295aa51bd859345a7b74e883c7d06695d      0  0    0 0       0 0     0 0   0 0   110100    0 0    0 02      
84-60-65-990bcd7c1503124ac790e8173f5893c5a9      0  0    0 0       0 0     0 0   0 0        0    0 0       2      
84-69-14-20567e4e70e86347438bf16707195cdb05      0  0    0 0       0 0     0 0   0 0     0  0      0    0 02      
84-73-49-07e8d9d3f70cc84637bb4de9f566604de3  14000 83    0 0    264616     0 0   0 0   100  0    3 0    0 01 92012
85-22-26-852bda2c1eac93432c8d896537c3fd80e3  10000 211800037       0 0  2728 6   0 0 14000 30 2728 6    0 01111989
85-50-79-1608729eb4dd9f46b481f6cd8884521dc0      0  0    0 0       0 0     0 0   0 0     0  0    0 0    0 02      
85-58-55-897215b6d570d74650bba1f5e987955658                                                                1      
86-02-90-8516e93c13755944b587ad1f4e4eb15be1      0  0    0 0       0 0     0 0   0 0    90100    0 0    0 02      
86-10-69-358305b1731ef045ee875944e5dfd0f929      0  0    0 0       0 0     0 0   0 0   740 95   30 5    0 02      
86-49-04-7691d72c55c3de4f8bb60f5c78388cc102    802 29    0 0     95635     0 0   0 0   185  7      0  765281991975
86-80-40-00c6927d58fbbc444d86aea583ed45cb2a      0  0    0 0       0 0     0 0   0 0     0  0    0 0    0 02      
86-90-96-40f3743cf3a1b74f91af904ff8abb2c027      0  0    0 0       0 0     0 0   0 0    15100    0 0    0 02      
86-92-25-33e586593b34644fb9a3f66401c9d54e60  10000       0 0       0 0     0 0   0               0 0    0 02      
86-98-23-705c274d1eb09844af94eb3451358f0c34    500 50    0 0       0 0     0 0   0 0   500 50    0 0    0 02      
87-06-46-28fb8d73ee3ffd4dc7be7217ca7ff886b6                                                                2      
87-17-52-5471eda08210544fe6955421246bee256c      0  0    0 0       0 0     0 0   0 0   640 33    0 0 1280672      
87-30-25-180ab9d4f4756f48d091e2f7a4d7089be1      0  0    0 0       0 0     0 0   0 0                       2      
87-38-35-521354e0ed18054aa594be124c2cbcf8ca                                                                2      
87-46-51-34041a98d8dd484746b35b0a2233ab4dc6      0  0    0 0       0 0     0 0   0 0     0  0    0 0    0 02      
87-55-65-27cac6e574885448b78691dd7000705a42                                                                2      
87-66-47-570c3e0728968f454e8317f60d9c39dde9                                                                1991972
88-06-41-65ee71eb22cc564e3bb993ee1478ce828a      0  0    0 0       0 0     0 0   0 0     0  0      0    0 02      
88-16-97-3578c4e98519c442f3824c2929a0d4be2f      0  0    0 0       0 0     0 0   0 0     7 760.128 1    1132      
88-25-09-577a8b0e3237a3493fb08396fb4f70fc27              0 0       1 0     0 0   0                         1 81979
88-59-39-103121d15662604a64bf868d7c01aa0a08      0  0    0 0       0 0     0 0   2 5    40 95    0 0    0 02      
88-67-87-75683e31d2a4f347628625ffe598a96b4e                                                                2      
89-52-41-90b320186e6fff4dbd8935c0c0bc561c5e      0  0    0 0       0 0     0 0   0 0   100100    0 0    0 0       
89-55-49-95e4b41cb30f6a45169388727da6d19d5d     15  0    0 0       0 0     0 0   8 0  2594 99    1 0    0 02      
89-59-80-00b6004f1f6af44f35922f86141f8afad3      0  0    0 0       0 0     0 0   0 0     0  0    0 0    0 02      
89-61-03-23077e23e53d3645e7bde2ecab41ebf2d8      0  0    0 0       0 0     0 0   0 0     0  0      0    0 02      
90-01-93-171e73caa84520478ea865ee63f049f58d      0  0    0 0       0 0     0 0   0 0     0  0      0    0 02      
90-06-89-54cbc8caab47f64451bb4fd7e9dcdd5550      0  0    0 0       0 0     0 0   0 0     0  0    0 0    0 01 71974
90-18-13-09036e6286db5f4aa4bc66d14ada599e93      0  0    0 0       0 0     0 0   0 0     0  0    0 0    0 02      
90-23-51-753904036fad70430993df2854bb6bff07      0  0    0 0       0 0     0 0   0 0     0  0      0    0 02      
90-43-84-8560ccf1e3221544adb085bbccab089153                                                                199    
90-96-74-8656b4b2c458d04f6a8318b8c8e5634b70      5  9    0 0       0 0     0 0   0 0    50 91    0 0    0 02      
91-22-98-765c73a203f7a54992ad02f259b1e861c5      0  0    0 0       3 6     0 0   0 0    50 94    0 0    0 02      
91-47-83-7355c960c382ed41fc8ee00eb1d3690728  19682 40 738115    492110  492110   0 0  9841 20 2460 5    0 01 52014
91-50-98-00e7ffc67e62504f359129f00fc0727af6      0  0    0 0       0 0     0 0   0 0                       2      
92-21-22-44b3948aacd95d45e499e300f631f20547      0  0    0 0     15079     0 0   0 0    40 21    0 0    0 02      
92-34-52-513319c1f61996408e8d51733d17cbc9f0   4000 30    0 0       0 0     0 0   0 0  3000 30    0 0    0 01 32014
92-42-20-01685501ccf5aa43ec8c133d617d541981                                                                2      
92-52-40-53216a7c217d0f4cf5b5cf793d9ebdbcc7      0  0    0 0       0 0     0 0   0 0    11100    0 0    0 02      
92-83-23-71d2d2c4f3efd7421f830032aa2094e4ff      0  0    0 0       0 0     0 0   0 0     0  0      0    0 02      
92-94-58-2886e54f71a65a4267922b3258726f8450      0  0    0 0       0 0     0 0   0 0     0  0    0 0    0 02      
93-23-21-022ac403ac1a704deb91b14b5d0163232c      0  0    0 0       0 0     0 0   0 0     0  0    0 0    0 02      
93-27-32-02d9978cdccf5b4827982a0aa75cdd1245      0  0    0 0       0 0     0 0   0 0    50100    0 0    0 0199    
93-53-46-59520d0b2faf064f3fa55774e0fbbb1cca      0  0    0 0       0 0     0 0   0 0     0  0    0 0    0 02      
93-63-55-05daa8845c85fa4b12a7556a12af713777                                                                2      
93-65-03-20678ddbb7c58144ff8d771d8b8af34d1c      0  0    0 0       0 0     0 0   0 0     0  0    0 0    0 01      
93-88-74-31d3049893d1e14e0db411e32158438288      0  0    0 0       0 0     0 0   0 0   856 96   10 2   53 42      
94-00-25-76c8793d4f2e544b2aaf6e939ecfd38e6f                                                                       
94-11-66-50779410d42c594eb3a65fa214a2f137bb      0  0    0 0       0 0     0 0   0 0     0  0      0    0 02      
94-54-13-765bc282681cf4480b80227cbe1a7b6718                                                                       
95-00-37-30ad1782d7949c4918bebfa8f29e80100e      0  0    0 0       0 0     0 0   0 0     0  0    0 0    0 02      
95-30-66-57ee1833f3c1ad4f79a818b2846c943140    345 37    0 0       0 0     0 0   0 0   600 63    0 0    0 02      
95-41-63-839f938846eb6a4a8ca39619216c422ff2      0  0    0 0       0 0     0 0   0 0     0  0    0 0    0 02      
95-55-41-566ee6f3fc4861469c94e9c6c1b0e4652e      0  0    0 0       0 0     0 0   0 0     0100    0 0    0 02      
95-57-44-062eac5cbb43ca454e9679436cad7320a7                                                                2      
95-75-07-946bdf280b428949108e9b458931ceedf3                                                                2      
96-25-20-51b41b8de52fa7436db71be6bf0f5a9a66      0  0    0 0       0 0     0 0   0 0     0  0    0 0    0 01112020
96-43-03-98ba17eca4ca754132b90c08388b341fd6    400 50    0 0       0 0     0 0   3 1   100 20    0 0    0 01 52020
96-62-91-73be5a95e5c9fc4eed898906706fece787      0  0    0 0       0 0     0 0   0 0     0  0    0 0    0 02      
96-88-99-606c3b6d40cecd47df82d817656d44265d      0  0    0 0       0 0     0 0   0 0     0  0    0 0    0 02      
96-97-54-52376ea2dac30a4f8687ae008905f0bd8e                                                                2      
97-23-41-07b20767802c16448697a2fc6b8cc5a1f2      0  0    0 0       0 0     0 0   0 0     0  0    0 0    0 01 41976
97-25-96-574657317287cb4b3087a1b126bdcd0d0a      0  0    0 0       0 0     0 0   0 0     0  0      0    0 01 72016
97-67-70-1735771ac4af3d493e87d2def3bec1619a      0  0    0 0       0 0     0 0   0 0110000 91    0 0  100 92      
98-22-62-82edc65303056b4602b88bd2a5db11d5f0      0  0    0 0       0 0     0 0   0 0  2000100    0 0    0 02      
98-46-12-09ed5abc5e61af40f3ad5a62f4e9c8770f                                                                1 92012
98-48-60-73a958a280d89d4a558577a30d239c1f88    612 49    0 0     125 7     0 0   0 0   450 40    0 0   50 42      
98-92-34-51f4100eabea9e4b97bab88285ab53045d      0  0    0 0       0 0     0 0   0 0     0  0      0    0 01 82010
99-08-48-89dd0bc9dea0534236a2d6a69c8b7fe2df      0  0    0 0       0 0     0 0   0 0     0  0    0 0    0 02      
99-33-61-182e62f403dfc94d6aa28444eedd35a193      0  0    0 0       0 0     0 0   0 0                    0 02      
99-85-48-004191375813de4af7b0a989fdd89acac3                                                                2      
