00-25-04-46918880d8725c48aabce7739fa26ff4052          1 6000MWANJERWA                                 6  6000   0   01 264 10054212                  
01-06-47-850f7224925e994408b2a2c95070eb1be62          2     MBEZI                                     2  2500  4010002        24132                  
01-24-57-16e51172cd58354d39b05cb8507c812f772          2     MASASI                                   13  3000   0   02        43222                  
01-72-20-39cd1b6d4622b446ab913df29575bb52b41 1  4001011 2000NYATANGA                                  3  2000  20  501 200 10732312                  
01-82-05-1969ca3dbdcde94103afd1cc1f095d69452          1 6000ARUSHA                                   12  6000  10  132        22222                  
02-08-04-6467565d353675441b9a3710964108a6c22          1 5000DODOMA MJINI                             38  5000   0   42        42141 1 160000000010002
02-13-48-8781c3b588f9ba4006982758f870f2f8132          2     KWA HAJITUMBO                             3  6000   7   42        14322                  
02-42-01-910e4926dd925f4959a0a2ba9fcf76f4b12          1 6000ARUSHA                                    5  6000  22  262        22222                  
02-47-01-605547333a50e842c3b7f5e0d596c941051 1 18000012     ISINGIRO                                 13  6000   0   52        11111181880000000111001
02-66-66-02eea4ad4f966f47d683df307558202d6a1 1 50011012     NJIA NNE                                  8  5000   4   51 500 20023222                  
03-22-58-12a276a7cd34714b13a398b245521287702          1 6000ARUSHA                                    4  6000  10   72        11112                  
03-45-67-6217f44b30f5cd405eb90778c7156592d62          2     ARUSHA MJINI                              7  6000   0  252        21112                  
03-46-31-846abc63d603c54c8fbce3495dce08f5ed1 1 11001002     MWANHUNZI MEATU                          15 12000   7   32        55421131330000001110002
03-56-36-64bc9b40a668f6400e8f1d47278a5bb5fa2          2     TGETAT                                   15  5000   0  502        22122                  
03-77-08-35e9fceece00044393aa812fcded6a82162          1 6000TABORA                                   25  6000   7   52        55131161630000111100002
03-98-19-332af74dc3885e42718aa0a5bed9b7b3cb1 2 25001012     MASASI                                   23 12000  10  302        32332                  
04-16-80-993488dabcb0f0414e85b0892e08bd35a71 1  1111002     MUSOMA MJINI                             52  6000   5   82        34222                  
04-20-86-53b5288b868ad24efe9dd1d38a55b8ef052          2     MNAZIMMOJA                                4  4000 300 2002        33232                  
04-31-96-124b4b853fb39446949bae0db4e452fd682          2     MAILLI MOJA                               2  1000  10  502        11112                  
04-49-66-61bfa1cc2538de4ccd873475195e0d1f312          2     BUZA                                      2  2500  20  302        22222                  
04-72-35-9892b9570f94b14e3ba9515e71d493138d2          1 6500NZUGUNI                                   2  6500        2        23232                  
05-18-84-95ad90d4901f254f99a3c8f108225fb4901 1 40001012     TANDAHIMBA                               16150000   0   02        23442                  
05-21-82-83478ae41fc1214b62b19ae0154060633b2          2     0                                         0     0  20  102        44442                  
05-51-66-234833c9f491c54adbb73fe058464849342          1 6000KASANDA                                   0  6000   0   02        22222                  
05-55-20-57c51527bf510e483796d30dadec0ff31c2          2     GONGO LA MBOTO                            3  6500        2        13132                  
05-55-54-25f90128b15fd84712b23da52ea102218d2          2     NYAROMBO                                  2  5000   5   32        23232                  
05-96-73-206455054c25784852a537e4751f8f435b2          2     BUZA                                      3  6500        2        13132                  
06-05-50-7860193fdc4caa4cdb9fde1514af28d7ce2          2     MAJANI MAPANA                             2  6500      372        33132                  
06-37-03-075b8bf508d5f348ebb1c1036d8b835f2d1 1  2000001  500KIDANDALA                                 2   700   0   02        13142                  
06-47-61-53a7040ead2d704226862bb5fb5c8b8d7b1 2  3011101 6000KIJIJI CHA NATA                           4  6000        2        13132                  
06-95-26-82803d457b03ca4e4b801d8304104f4fb92          2     NYAKANAZI                                28  6000   6   92        55152                  
06-95-53-3223a3d549fce64c1c8b5d098295e3c6632          1 6500MADIBILA                                 14  6500   5   92        55321121220000000011102
06-96-70-6499075a0d1bc24d8a92e75019bd11180f2          1 6500MZIRO                                    14  6500   6   72        22222                  
07-12-97-68bd4828f9b20c4f6abfe4a359eada7e212          2     KIJIJI CHA CHIKUYU                      0.2  6000   0   02        55111131330000000001102
07-19-26-64778379d74dd544b4b83aaef828e357f72          2     IGOMA                                     3  6500        2        13132                  
07-73-19-278413b3343ec241268771b9ac10d4dae32          2     YOMBO VITUKO                              2  6000        2        11112                  
07-89-96-529f4c62c6c3244f098bec2ef1896d8f9f2          1 5000NANSIO                                    1  5000  51  421 211  5333142                  
08-20-01-66db325630a8554f86bb31812f0648565c2          2     BUKOBA MJINI                             33  3000   0   02        54342                  
08-26-26-27224b985bcd714f44b0693952221044322          2     MUSOMA MJINI                              4 12000  60  852        13132                  
08-52-73-981bb43407e5e14e4ea2f6a12758f985b52          1 6000USEVYA                                   21  3000   8  212        32331151531110000000001
09-09-71-4671da491d04b1463f9ceb2f507d06c95b2          2     PANGANI                                  51  6000   5   52        44241 6 650000001111001
09-18-23-46c0fe40a20d5b4b8e9805ac27c298d2322          2     MAKOLE                                    3  5500   0   02        22222                  
09-74-42-02fc3cef654e724c1db32acc3c4835be792          2     PAMBA MITIMIREFU                       5500     0  20  562        22322                  
09-98-78-453a6d3e7985e74f4c9c54205cf0d7f0b32          2     KARIA KOO                                 9  2500  12  362        11132                  
10-00-56-46effc522e23ae4a4db5e3fe6168d59c752          1 6000KAYANGA                                 0.5  6000  30  5014000400022212                  
10-15-01-02230bbd21e5b34515986c4712d05ca38c2          2     ZAKIEMU                                   4  2000  70  702        34242                  
10-61-60-35fa98de2ff33844f0addbe2bb58f414802          112000MUHIDA CENTER                             1  6000  17   52        44121 5 550000000111002
11-26-46-5220c9a373da7c4e32989e614f0db9e7e81 1  2001002     MARUHUBI                                 16  7000  17  232        14142                  
11-28-44-980990139eeaa64c7da10c16d8cd89826c2          1 6000BUZURUGA                                0.8  6000 113 1312        14242                  
11-62-61-278e9b2ad8a66f47669ede1506088e9fcd2          2     DIRMA                                   3.5  6000   2   22        32221 1 111111110000002
12-34-68-201262ffb3f7c24d3f8bcfe3e27c76c33e2          2     KARIAKOO                                  6  2000 200 2002        11112                  
12-43-07-80b6946418f07e4feeaa4ed83dd4a675422          2     MWANJELWA                                 4  6000   3   02        54132                  
12-87-61-13486c019ffbda4c5aa98114aa9bdb81fc2          1 6000KIJIJI HIKI CHA MAJENGO                 0.5  6000  12  411 107  42  122                  
12-90-48-3461e9dde626924887a8acd2fd4583d0ee2          2     MARUHUBI                                  7  8000   6  101 110  6433122                  
13-10-41-093d15d079ce3347dcbd443b7eaaf654262          2     MARUHUBI                                 10  2000   6   52        13242                  
13-42-52-9925168cf5198a4bbf863b5011fe0596bb2          2     MOROGORO MJINI                            4    12  15  102        43332                  
13-43-11-9847e5a514e372463581b9df8779aabf312          1 6000MBULU                                     1  6000  25  202        22222                  
13-75-01-91ebe20bc5bc7c4e68b57e2f1c6090c08e2          2     MWANAGATI                                 2  6000        2        11112                  
13-86-41-701dae3cc3f13645798704c27e6a1c57722          1 7000NYAKABANGA                                0  6000   0   62        33432                  
13-90-90-4675239c4f0b424430a36ff97d2f18507b110 15001102     KWA HAJI TUMBO                         30.4  7500   0   02        31212                  
13-91-33-31eada5d2637e2453c9b94b1138850b7252          2     KANAZI                                    5  6000   2   02        32332                  
14-25-36-1159e8a1477c2e4cd8a82359140295ebec1 8 10001012     MAFINGA                                  60  5000   5   42        23332                  
14-78-98-65219c4558fe794d93b25cdaa6f45898b72          1 5000IGOGO                                   0.3  5000   6   82        22222                  
14-88-21-2898855ffce9a4466fa1be7f67411cef092          2     NYAMAGANA MTAA WA MITI MIREFU            10  2500        2        24132                  
15-14-18-986cb0f62882a34c72a57342836c312efc2          2     MWANZA MINISTER MTAA WA PAMBA A           2  5500       42        22112                  
15-18-34-06cdd34ce87a194d1bb7bc95833d35d4282          2     MWEMBELADU                                3  7000  30  501 220 10024122                  
15-18-39-59ef86d8e7554b46fb82edf7e517f76ba82          1     MOMBASA                                   1              2        33332                  
15-37-10-998d30be71117040fab4ce9e26f8af0e142          2     MWAKISANDU KATANI                         9  6000   5   02        55232                  
15-38-21-027affc2474ff6432bad68f8b8c5970a971 1  601101112000MLILAYOYO                                14 12000   8  201  60  2044442                  
15-43-13-32945b2a0ed9164eb3a924315fe1c2ca881 1 15011002     MTAMA                                    15  1000   1   12        12222                  
15-72-61-48792ce303f61f45c98f419dde9a9a4bee2          1 2500KINYEREZI                               0.5  2500        2        13132                  
15-76-36-378692a2b4c2b24b708e632d07f4a07d4b1 3  6011002     KWA HAJI TUMBO                           68  8000   0   02        33242                  
15-95-84-19f29231969a5b4af5882eb895873225ed2          2     MANZESE                                   1  3500 100 1002        33132                  
16-03-65-146c497bddf9cc44eaa74d041b7ad246001 1  4510002     KIJIJI CHA KAMWANDA                     300  6250  20  502        55352                  
16-08-16-733d35bf342bf14c76b74a5d292014ae381 1  3400002     NANGURUKULU                              15 10000   5 1501  34   022142                  
16-19-85-8540e816918f534ced9e7310dbe18172fc2          2     KISONGO                                  26  6000   1   22        22221212140000000011101
16-49-36-99143e4faef10f4210a3c7a5f405c773762          110000BABATI                                    1 10000  10  201  50  2631312                  
16-88-05-297e5434541642423aa74fd8c546af937d2          2     MBWEWE                                    5  1500   0   32        14111 6 610000000111112
17-36-03-69652a993227894c51aec492470b9e69e82          1 5000KIJIJI CHA BUZIKU                        15  1000   5   62        24222                  
17-40-86-49ded7f5d9f403414eb52ebbe5382344071 5  500010113000MPINJI                                    1 12000   0   02        22322                  
17-79-17-0985ac9c3be9684f3cbffdc03b912a532e1 1    01001 6000MAMBALI                                  15  6000        2        13131141431000000000112
17-89-27-016cd5004547c24ce9a0f8509b2da272dc2          2     CHANIKA                                   9  5000   0  252        11112                  
18-08-37-11ba8d153ebaa84813be93fac74236fb222          2     KARIAKOO                                  3  5000  10   82        23232                  
18-17-35-5051ebc08efcb44960bee0a3c4a55713f22          2     MBAGALA RANGITATU                         2  5000        2        13132                  
18-25-05-22294278e5b2914a92ad69e606a81584ec1 2  5201002     KWA HAJI TUMBO                           24  9000   0  252        53532                  
18-31-12-38d8e858a01bf644b6bb6f617974e342312          2     TANGA MJINI                               9  7000  20  502        34332                  
18-57-85-561e7edef68d3b4de28554d101fdd30f502          1 6000BOMANG'OMBE                              15  6000   4   22        22222                  
18-69-36-931cee32c5e8a94f2c99a2cd662929c7181 1 25001101 2500NDANDA                                    0 12000  18  502        31432                  
19-25-14-508a69d6d3a47e40b3947804870c16d97f2          1 6000CHAMWINO                                 25  6000   0   02        32221 1 140000000011002
19-32-48-588e0afcd96b0c4a548378d1ce71419c822          2     KARIAKOO                                  8  2000 200 2002        33112                  
19-41-11-33be0d3fe60bf44e029bca424bed2b58352          2     KIKOMBO                                   2  7500        2        33331 1 150000111111102
19-62-24-100ac9ecae7a84456f91ca05f96d0cb08f2          2     TANGA MJINI                              12 14000   5  502        44442                  
19-86-35-774cbce22a484a4ac08bfe92e0d38b6b121 1  1501002     NZOKA                                     8  6000  10   52        52142                  
20-14-91-3477b63d1267364fb69824735c3fc555d22          1 8000KIMARA                                    1  8000        2        33132                  
20-70-41-876aae68762f2a445781745cdbabd8fc4e2          2     LUMUMBA                                   3  5000   5  702        33112                  
20-70-55-59221ad84269d34b79bcc9abd41d8f2fb72          1 4000NSOHO                                     1   400   0  152        53342                  
20-81-51-952d3ead54fa8846ddaca9a812767244d82          1 6000ARUSHA                                    6  6000  10  171  82  7022222                  
20-99-51-491239f3addf194bb69a0e174eb45de43f2          2     RUANGWA                                     15000   0  152        42442                  
21-01-77-433562090d2a41401086709383c4ea763c1 1 18611002     MABURI                                    5  6250   4   62        12112                  
21-06-86-31ce7a8dc61bed49f788d823da1855a9b82          2     IFAKARA MJINI                             2  6000   0   02        34122                  
21-22-59-73404e1855c677452594a51e7f250179702          1 6000DODOMA                                    3  6000  21  162        12122                  
21-58-46-84e167edae1264402caad7fd6007f8ebce2          2     KIBAIGWA                                 25  6500   4  132        11321 1 131111000001112
21-75-41-89b4688b9b5df1411fb72588d659f085502          2     DODOMA MJINI                             22  2500   1  102        12122                  
21-77-87-538330886c38624292b1c08b474de626eb2          1 5500SIMA                                    0.5  5500  41  652        55222                  
22-15-51-55b0d7925bf5034026bacd2b3def1a1aed2          2     NATIONAL NYAKATO                          3  5000  40 1302        22112                  
22-31-06-4934c6e2eec2104bd6b8158b19b8f304b72          2     MBINGA MJINI                              2 11000   5  502        33332                  
23-06-49-353280da4efd664a14afee47f8d1773ffe117 25501002     MATANGATUWANI                          11.2  2500   7  502        55222                  
23-20-71-883f51b1c5c88149b497fbaf5a3b721ad3                                                                                                          
23-25-29-437b8bfe8da50645ec800fb52c567640ea2          1 6500NYAKALIRO                                19  6000  12  152        12222                  
23-37-02-3819fb087b522840408d9cba2d169af80e1 1  5411002     KAHAMA                                  179  1950   6  122        11111252510000000001101
23-45-19-589299d162d3fa4df4be895ccafa9788682          2     MOSHI MJINI                               2  6000   7   92        11112                  
23-48-88-3156c8e7f3edcb40c9baa9df4ac4f47a322          2     MBAGALA                                   8 12000  40 1002        44442                  
23-59-46-860c8e8c0303bb4aafb7284409833adb662          2     KARIAKOO                                  5              2        11112                  
23-96-87-25e333d8bdca374a92836a9590dd86c471                                                                                                          
24-61-44-030bb43ac4010e4e01be773a81aaf0087c2          2     SAWALA                                    3  6500        2        33332                  
24-89-09-94e7dfecff6ffe4286aa2195d8bcb3486d2          2     GONGO LA MBOTO                            3  3000   5  502        34342                  
25-17-54-76361ad171963841bbb3645046cf22af462          2     KIBANDA MAITI                           4.5  6000  10   72        41422                  
25-18-70-60c2b5fc68a90d40849ab1387e4f8d82df1 1  1000002     KIRANDO                                   8 12500   6  122        55311151530000000011002
25-29-15-47ccac1f2e0ca14ec5b8059348d689cda02          2     KINONDONI                                 5 13000 150 2002        22222                  
25-31-09-105382382a0c534f86ba72eaccdf6d5a622          1 6000KAGERANKANDA                              4  6000   3   62        22222                  
25-48-61-602d891d2b92f149c79e9bc21c992d2f572          1 6000ARUSHA                                    6  6000   9   62        11112                  
25-61-70-00785074df619d463f8053802c92e96b742          112000MURUMBA                                   0 12000   4   02        11331 1 171111110000012
25-66-18-83deee90b66083439f8882b5a61c567ae21 1  2010001 6000ITEZI MAGHARIBI                           0  6000        2        11112                  
25-76-69-65d69f20c67b984d9f97e954ec7932412d2          1 6000NASETANI                                  1  6000  20  502        22211212151000000111112
25-83-12-16708f3c300a4e4de3860f6671178f6f902          2     CHAKE CHAKE                              16  8000   5   42        12112                  
26-24-28-417011f375562a47a8a25ebc1220d773eb2          2     DODOMA                                    6  5000        2        22222                  
26-26-10-6698f4915937cb4971804f8c440a7e9bb62          1 6000IKOLA                                     0  6000  30 1002        33132                  
26-26-74-785a5a63e955564390989d3cdd4b7a83232          2     NEWALA MJINI                             30 15000   0   01 200 12532242                  
26-45-77-7316c36538583a48b2a46d8d34bff44f6b2          2     PANGALE                                   1  6000       22        11112                  
26-49-97-561187a5d303b24b28aa79e895929ae24d1 1 50011002     NDANDA                                    3 15000   8  302        44142                  
26-70-20-6543cab16657fc4334bb802d0f4c11975b1 4250000012     NEWALA MJINI                             16  8000   9  202        54242                  
27-01-55-62d7df1a6faea440f2ba5fe6ffb4fd236f2          2     KARIAKOO                                  9  2000  45  602        11112                  
27-07-13-1077823385d96a4ef39f7be6319031b7302          2     WAILES                                    2  6000        1        11112                  
27-07-69-25bb849df1f4e14d2582979b75b0ddf2912          1    0KAMPUNI YA KILIMO                         3 10000   0   02        34242                  
27-12-97-63afb28d34da194a019465d81f7053ceab2          2     MBEYA JIJI                                3  6000   0   02        44332                  
27-21-42-6223d11595c7d641d88dc0278f401da2092          2     SHOPPERS ARUSHA                           4  6000  50  502        11112                  
27-68-78-78aedcacfe52b545c3b937e62bf904a8702          2     IGAWA                                     5  6000   3  102        55231121250000011111003
27-75-52-183a8327ccf46c4fbb8e06454526487ec12          2     MWANJELWA                                 2  6500        2        11112                  
27-81-45-32f88aad0aba7a46e5ab437201c76654b82          2     LIMBANI                                 1.5  7000   0   12        34342                  
28-01-45-62f580fb096aa44beea6c7121578719c471 5  7510001 7000TIBIRINZI                                15  7000   0   62        14142                  
28-02-63-881c281ac267df4c18a26fd4a1e21253f82          2     BANANA                                    2 10000  20  501 875 40113132                  
28-25-64-3901b6e49d107447739033640e1a773b321 1  1201011 7000CHANGANYIKENI                            12  7000   1   72        31112                  
28-34-63-033d4b4d17201f42bcbfd971e1dc454dbb110 10711102     KIJIJI CHA IGAGALA NAMBA 5                3  6000   3   22        55221121210000110000002
29-04-41-564dc3df919fb64505b59d7aeb085550c52          2     AFISA MIFUGO WA KATA                      0  1200   0   02        34332                  
29-13-94-871857815e7ccc4c3c80183ee70f1a522c2          1 1000KATANI                                    8  1000   2   02        11111 6 630011100000002
29-30-93-926ba457b9264f4babb4a6c6e42dfea2f11 1  5611012     MBALIZI                                   3   400   0  142        33142                  
29-40-51-88c469efc2d6714682976b6b585c06cf0d2          2     KWA HAJI TUMBO                            5  7000  10  152        32232                  
29-41-98-71f0bcfec74a0a47169faf981b73dfa8491 1 25001001 6000MASWA                                     0  6000   2   72        23112                  
29-76-24-492b3dc96996f948f885dd3b1505281d0f2          2     CHUINI                                    6  6000   5  122        34322                  
29-90-32-999f349738c13945738f0fcac82fe059502          2     RANGITATU                                 4  4000  30  302        12122                  
30-32-58-8094eb3c0659614b39931c04086df0fe5c2          2     MTAA WA MWANZO                            0  6500        2        11112                  
31-02-15-72348369147018401aad245bfcb5738d492          2     KINYASINI                                 9  8000   1   52        31342                  
31-38-01-30cafb01ca04e749029420f7d0e28cf9462          1 5000MUSOMA MJINI                             20  5000   0   02        11112                  
31-39-34-321098202b04f14babb73327314f5983ab2          2     CENTRAL                                   3  6500        2        34142                  
31-58-49-4499d486eaa08a4ac8af07cb0673c8d0c92          1     MANZEZE                                   2              2        33332                  
31-71-96-416612b0c5c8014bc590ab236d3f8a67b11 1  2001002     LIMBANI                                  27  3000   2   21  18   913132                  
32-23-82-819ee2aeeaadc34d49b3e9a27cf1c11fa82          2     KAHAMA MJINI                              1  5000        2        33132                  
32-24-12-67125d8d8a804640ec8b0874f78b5d84c11 1  130110112000MWAMAPALALA                               1 10500   4  101  20  1642422                  
32-36-85-0379476515eb48416683895ba014ecc0432          2     MJI WA KAYANGA                           22  6000   3   11 120  5012222                  
32-60-26-67d698872d083a4f3aab63fba3e1385d861 1  601100112000NYAMIKOMA                                 0 12000  15  801  70  2534241181830000100000002
32-66-27-872a718ef1a4784eda94a1c077b1cbe8682          1 6000MWANGA                                    0  6000 135 2002        32312                  
32-78-57-97c9038cca0a5c46ffa45a80eb2a8f153c2          2     KIZIMBANI                              29.5  6000   8   62        34342                  
33-09-36-22cd4738c1cacd47e19da8175173ed95b01 2 60011011 7500KAHAMA                                  180  7500   0   02        24241141470000010000002
33-28-65-96192b0578403c4a93ba6479062922aa972          1 5000MUUZAJI ANAPATIKANA KIJIJINI  AHAMURAMA 0.3  5000   0   01 200  5014232                  
33-31-71-2549990debeaee42cb804cc691670e0e2c2          2     NAGAGA                                    4 12000   1  102        44342                  
33-50-28-477f5a7dfb98b14df19f3d900b65ef6ee62          112000BUTIAMA MJINI                            31 12000  10 2001 500 25022222                  
33-68-65-4051bfa4b684b3404d8557a6a64f7835b72          112000MAGITO                                    3   400   0   02        12132                  
33-69-81-55b63b33a9c4364bd091c36ad0b88318691 3  4001002     MITAKAWANI                                2  1000   0   12        12142                  
33-77-33-7758419d176d9a48baaa9c66b254a3938d2          2     BUGURUNI                                  1  4000 110 1102        11322                  
33-93-86-1143c8bc84316143628719f30613f7d4da2          2     MBEYA MJINI                               5 12000  21  162        22232                  
34-15-64-276ced9d767bc441b9a06a1166982cce642          2     KATORO                                    2  5000   6   32        12222                  
34-16-82-945cb5ad6abc0344b8b19eb50cd7d739891 1  5711011 6000IGWACHANYA                               15  3000   6   61 150  3653432                  
34-64-64-19b7bab450d3384920a28b9f3b6554eabd2          1 6000MTAA WA MAJENGO STENDI KUU USHIROMBO      4  6000   6  242        34332                  
34-76-48-1957a192e1b8ac48c2a1b77aaa5048c77d2          2     SAKALILO                                  3  6000  10  152        55131151521111100000001
34-80-29-34bf1c3aecee284e258f22f85725f42b492          112000KALIUA                                   20 12000  25   42        32332                  
35-69-84-1115c2671c717b4d46b4467b5b68f1cfde1 1  1211012     IHALO                                     7  1000   0   02        55332                  
36-72-54-665c43e0b866744f9091b111e7088596022          2     KIJIJI CHA NSHAMBA                        2  8000   6   82        23132                  
36-78-86-78bdf1b37700e6445494d008e4ead01d7f1 1 37010012     MTAMA                                     8  7000  20  652        21442                  
36-81-06-0046d48df7f4a4411398075c1dcb707b4a1 1 12001001  600MASUMBWE                                 33   600  25  152        55121171710000111000002
36-91-68-94f6c7d7c357e243c18c4020d27b2548cd2          1 5000KAREMA                                    0   500   0   01  80  6054412                  
36-98-89-492c04a7ae80bb4764b6c47cc1c53655f82          2     UBUNGO                                    5  2500  30  281  30  3022112                  
37-27-71-315999ebc6135c4031ab2a360655509f4f2          1     PWANI TEGETA                            0.2        30  221  26  1633132                  
37-37-76-2677e5ea11bf7b4db9bf901b1feb9d070e1 1 20011001 6000NYAHOLONGO                                9  6000  24  202        22122                  
37-75-00-814a638846ffe444069573d2bf846c37f51 1  5611011 5000MIPA                                     12  5000  10   02        51111141420000111000002
37-96-00-16e95cc212f78342788a95b2a64485d5211 7  6401001 1200IGOWOLE                                10.5  2000   0   32        23432                  
38-26-54-215cabcf457b23475f8986831763d110b52          1 6000SOKO KUN LA KASULU                        2  6000   6   72        32222                  
38-37-35-74e5d7186001f84e3a9654cc73d633e4c02          1 5000KABOHA                                    3  6000  16   82        23222                  
38-69-00-13fd1406db080749f9a51f71bb79e4dc932          1 6000KIJIJI CHA SUMVE                          9  5000   3   32        23231191971110000000011
38-70-89-36d3aa7051c6a34dd5aca32b709fe97a5d1 2  6010012     KASAUNGA                                  3  4000   7   42        12211151520000001000002
38-78-05-3729c8d9a5d0af437894856b925778531c1 1  8000011 2000TUNDURU                                  20  5000   0  302        44242                  
38-87-40-88af73ee1145f04ee69c3d084c7dfaffd41 2 15001012     BUKOBA MJINI                             18  7500   0  252        21122                  
39-13-14-77fcd2bd96e91b45698d7973b3821889ca1 1200011112     MOSHI MJINI                              12  4000   1   31 200 10221112                  
39-17-14-72bbfb6ee6cf4e4fffb2c39b84d5cbec662          2     MTWARA MJINI                              3       100 2502        42232                  
39-26-59-484dae65f7eb2e4ee1902d52dfa7335a852          2     LIMBANI                                  16  7000   1   01  57  4033122                  
39-27-42-332cae33cd8d35441eb7ac742efcd27f5b2          2     IGOMA                                     2  5000  50  202        22112                  
39-89-72-02e5a143065e4c4facadb77311211174752          2     BARABARA YA NNE (TANGAMANO)               3        20 1202        44442                  
40-32-55-764893e1a19e2d4440a02cedc08aaf659e2          1 6000BABATI                                   21  6000   3   22        22221212111111110000001
40-34-18-6597cfbb0a291b412d8e4f7d45d1e3a2712          2     MAGOMENI                                  0              2        31312                  
40-75-08-644f455f10e1f54b33b76e1aaf040a96c52          2     KIGAMBONI                                 5 12000  50 2002        42232                  
40-86-20-4796d658e3b03e48669a24da99dc24e2b7                                                                                                          
41-07-41-06f14b3eaf7ec346a9ac8663a97605b5b91 4 10000002     MPWAPWA                                  80  5500   0   22        31241 1 141111000000012
41-21-75-34b0d39fc4044349968b86e08bb55307ba1 5  250100112000MWAKIZEGA                               0.1 12000   3  102        12342                  
41-23-85-7585e5f808719248919a65d78e2173fa2d2          1 6000MPETA                                    13  2000  11  202        22221232320000000000111
41-50-91-05c9dc170cded04c9e9aa8cebe2f43e5392          2     MTAA WA BLOK T                            0 12000   0   01  86  4023332                  
41-59-36-73ff80932637a240fabb8995a2fb0c50421 3  7801011 1000MBONDO                                    5  1000   3   52        31322                  
41-73-91-911f828c46e384401a80188e31eabc14701 1  8011012     NEWALA WILAYANI                          30  1000   0   21  80  2033112                  
41-91-51-72401f9e505bae4e0f9ad96094b1c19708112 16001001 5000MKWAJUNI                                  1  6000   4   02        41142                  
41-96-69-59e933585507964a6d8fd90574824cc2232          2     SINGIDA                                   6  6000  20  302        22222                  
42-06-63-621c7c633ae925476bbbb12c4b740e47732          2     MLOLA                                     5  7000   3   02        12122                  
42-50-49-964a6fd370f78144558b9cd27c0a523bdb1 1  5511012     HUNGUMALWA                               17  2500   3   62        34332                  
42-50-81-42b82f1052c90443feab80715f0debf0b72          1 6000KIKUNDE                                  29  6000   4   62        22221 4 470000111000001
42-84-08-46a11fd4a5364e41149e9ffa0691e108cb2          2     MAKAMBAKO                                23  2000   0   02        42222                  
42-90-14-91505dc07020894b20bd8524f55b60e7b71 1  3011011 6000BUNGU                                     8  6000   0  102        31222                  
42-94-68-658dbc98013ea449dc96f4bddd0829fca72          2     MUEMBELADU                                5  8000   5   72        42322                  
42-96-10-47c2bfbc2124944b10822bc057172a43a62          1 6000KIMARA                                    3  8000        2        13132                  
43-13-50-129b327eee441644fa9c60cc1ce475c8192          2     DUKA LA PEMBEJEO MSAMVU                   7 12000   0   02        22232                  
43-18-08-76f99b2651c0a44659ab5fd4d502d4ae391 1  4211101 6000ADELMASI MMARI                            0  6000   0   02        32112                  
43-26-90-092b9f26641bce46f9bc9c1c07fc7c65951 1  3000002     MAKUNDUCHI                             12.8  9000   0  201 100  4011112                  
43-51-92-3514836a6a1d584b6aa884961583841e862          1 6000ILULA                                    20  6000   1   12        11112                  
44-04-67-2219e24541cabe4988a0db49ae14b0f7d01 1 12011002     MAJALILA                                  5  6000  50  402        52121151530000001111001
44-09-88-30597dabb527f44f8ea720b3800587d740111 12711102     MLANDEGE                                  6  8000  26  391  60  4031112                  
44-15-06-310442d4465cbe4d1a9a35e1fe69d9d7b32          112000KINAMAGI                                  0 12000   6   72        34331141450000001110002
44-19-72-77bd96286f17db48a9950317649c4ec6782          1 6000KENYAMONTA                              0.1  6000   6   42        33322                  
44-33-82-645d06000469db4f19a3f0581b98da76102          2     KIJIJI CHA KIGOROGORO                     2  7000  11  352        12332                  
45-09-73-29cb53fd104e0446d0acdb58a80c95641e2          2     SONI                                      6  6000   0   02        21212                  
45-27-93-47b36cdabc46714c7dbf6ba97c017c36382          2     MBAGALA                                   5  3000 200 2502        12212                  
45-38-70-12165b8fe85942452591ced9a6820d57081 1 10001011 6000KIJIJI CHA ITAKA                          4  6000   3   52        43131     0000111111001
45-38-95-831f260d0e1b424caeae98053e36bc411d2          1 6000KIGONSERA                                20  6000   0   62        53332                  
45-95-41-628b987ad6b53141b2857df3b28805db112          2     MANZESE                                   5   400  25  252        11222                  
45-99-53-45d13ccd5df52c427096d3b7c81b09832c2          1 6000TANGA                                     4  6000  10   62        11112                  
46-07-65-0195adffdee2f4450e86ee14784a0bf5b91 1  4510002     MIKUMBI                                   0 12000  10  152        24242                  
46-09-15-00b8f84f6c68884733a485751831dc53762          1 6000IBOROGELO                                 5  6000        2        23222                  
46-18-31-36f133e6a6cd7d436f885815fbbc62cd802          1 6000CHIMALA                                   5  6000   0   52        11111121271100000000003
46-33-31-2089750db895d64457bdcfcc8ca143af7e2          2     MARUHUBI                                5.6  7000  50  302        33332                  
46-33-98-51da855bf4b7654c08811714c1e83038612          2     LIMBANI-WETE                            0.8  3000   0  302        32132                  
46-49-76-041e499b55e516436d9c59338df8cec0292          1 6000MTAKUJA                                  10  6000        2        12222                  
46-65-58-9771c12c06b5fc4a5a9d9dac3169a303452          2     MJJNI SOKO LA MBUYUNI                     5  5500  40  302        11222                  
46-90-51-464206c150cea94848b270de23645a68b22          2     MTWARA MJINI                             68  1000   1  252        12442                  
47-37-57-816ef675ef3ed6450bb99d74f2b310478d2          2     BULIGE                                   16  7000  10   52        42341171710011000110002
47-77-49-359d0958b68d91453b827b59300014a60d2          2     KWA HAJI TUMBO                           16  8000   8   51 206   633332                  
48-55-19-05d66769e8d63645de8ed65306506075892          1 6000ARUSHA                                  9.6  6000   3   22        22222                  
48-58-41-94ae5e4302649b4e8982c13d041c8886c72          2     MBALIZI                                   2  6000  10  202        53132                  
48-88-74-273000a4f11d824c75a399f223b5c9bf941 1  2001002     LINDI MJINI                              84  6000   9  252        12442                  
49-03-92-63b491fdd944cc489981d96c018655aa231 3  5511102     CHAKE CHAKE                              40  2000   1   02        11132                  
49-19-04-48367de8c2b21047c483736e9d470df9621 2  1011102     DODOMA MJINI                              3  5000        1  56  4023232                  
49-19-23-22a99f63cbbd8245038e6ed2802c94c0682          1 7000MARUHUBI                                 20  8000   0   02        33332                  
49-22-31-97a948698eef2344b599e37654aef831b82          2     AMANI                                   2.5  8000   5   62        44242                  
49-42-36-30191fb2b4a4f74a81bb0155b82bb833a22          2     KARIAKOO                                 11  6000        2        12122                  
49-48-82-733028076d1e3e476593b20cb5a39eb5d42          2     MBEZI                                     5  5000  23  202        33112                  
49-73-13-47e9e9f54b90d4480db2d5c5a7292e7d7e2          2     BAHI SOKONI                              15  3000  18   32        55332                  
49-75-61-59e3be82b1ed0147af89643f86b1382c8a2          2     MBEZI                                     2  6000 100 5002        23222                  
50-01-79-9525a6c8119a5146f6aefa16cfacc93ff42          2     MWEMBELADU                                8  7000   1   12        11112                  
50-02-42-5314907600d07a43fbabc36a76ed0399d12          2     UBINGA                                   15  6000   1   52        21212                  
51-19-61-40a24a5d3b6e02492695b956b3415871f32          2     MANZESE                                   2  5000        2        12322                  
51-92-61-2713f41b32a90b4c3e9fe9955976c9475f2          2     BANANA                                    2 10000  20  501 875 40113132                  
51-99-24-515842d145c13d423a833932dd5f27dde81 1 10011002     LINDI                                   150  4000   8  102        32422                  
52-01-16-4090043f87344648f99a7c2c4b727099fa2          1 6000MBULU                                    13  6000   2   32        22222                  
52-15-61-0927df821c3fa449a782848286dede981a2          1 8000DUKA LA MBEGU AMANI                      67  8000  30  602        32322                  
52-45-58-270be236046c404b558ae6a25383f1267c2          2     KAHAMA MJINI                             12  95004750    2        24242                  
52-62-72-9545b871be434048e090eaad7d659510052          1 7000MJI WA KATORO                             1  7000  14  322        55322                  
52-93-64-32e4e9a82e18d74e04bd92536535359a242          2     KABINDI                                   1  6000   5  222        22222                  
53-07-49-56e56a8b1275394ae18edb1878d23a2b162          1 6000BULUNGAMILWA                            0.5  6000  12  252        23232                  
53-15-69-56f1124eec85b74ff5936213a113b5d64b2          112000MOSHI                                     2 12000   0   02        11112                  
53-16-29-9951fc1fbc9c2f47a7af4c675fc17bded42          2     PAMBA                                     5  5500  30  402        21222                  
53-20-64-93918b7e85940e40ad88f1d82ca73410dc1 1  1301012     KONANNE                                   5 12000  15  152        23331171710000000001112
53-26-71-37e7a1e4afbcc44feab9fc8e3ece2433791 1 12911102     MARUHUBI                                9.6  8000  68  312        34332                  
53-51-12-15ec05526324814239921678d12b25f0671 1  3611011 6000SAME                                      3  6000  50  502        22222                  
53-69-50-52e92379a4efff4aa0aac3a8b1f33ba5002          2     RANGITATU                                 1  2500 150 1002        24232                  
54-28-20-71ca9e1929e6174446bae6647c91b28d29116 22400102     LIMBANI-WETE                           12.8  7000   8   01  12   634142                  
54-36-46-92eb545752053e4135b916dac793f89cb22          2     MARUHUBI                                 10  8000   5  302        33122                  
54-45-30-5176e20c2cda3f44bb916dbd0671d1a8cf2          2     DODOMA MJINI                              4  6500        2        22222                  
54-56-92-33ef36b869c7c14c9a8ea1427d99041e522          2     MZAMBARAUNI                               3  2000 200 2001  18  1823122                  
54-57-91-17bb85e5cb1ad441878be5583634d327901 1  8411011 5500CHRISTINA MALIPESA                        0  7000   2   02        33332                  
54-74-34-13caf589f4ac7e445597193c24ebe33bed2          2     KIJIJI CHA MUBUDA                         4  6000   8  202        23222                  
54-87-63-820c43f755c17c4cefbf88a83b071f83bd2          1 5000KIBAONI                                   1  5000        2        31112                  
55-10-59-089399e8e059a14b6aad3315d083e666d22          2     TEGETA                                    4  6000        2        13132                  
55-49-79-962e1b2c86d4ec4d158237f87641d6f9fc2          1 6000KIJIJI CHA NYARUGUSU                      2  6000   7  212        34332                  
55-52-88-39a39eb0efce854ee39cbb9f84a597f9b11 1 1201101112000KENETH MWASHERA BWANASHAMBA               2   400   0   02        24442                  
55-64-91-20b7eb56c24748406ea75ff8d1953698e82          2     MILONGO                                   1  6000  20  402        33232                  
55-81-07-306aa7bdc123654dc1820358164e9745282          1 6000BUGARAMA                                  9  6000  30  352        11111171750000000011112
55-82-98-301559b6cd9fb745089b8f4daa4ff046dd2          2     ARUSHA                                   50  6000   3   72        22111 3 350000000011102
55-96-15-98528b0becd76c4871b627cc20498ffce22          1 6000MTAA WA NAUREI                            0  6000   4  101        11122                  
56-06-88-30b9b5d4f2cafc4bbd862d1acc8dc7bfa21 3  6001002     NACHINGWEA                               49 12000   3  202        32122                  
56-41-32-21f5ea9f12131b4c77b6f94ff0555769772          2     LAELA                                    20  8000   2   42        54132                  
56-47-04-88df0144a1b60c47abae94f3492d316b5a2          1  500ARUSHA                                    4   500  25  302        11112                  
56-48-48-64e775d95612f14714997bcee17cfd64762          2     KIJIJI CHA MARAMBA, WILIYA YA MKINGA     15  6000   1   22        21112                  
56-81-75-322e5d0d86ea8c420cb3d6ab357c64f8101 4  8000112     MWAMPALO                                  3  5000  10   42        45431141440000000000112
56-89-21-4804e552f499eb4372af86db2a6f9fcfb72          2     DIDIA                                    10  4000   5   02        12112                  
56-98-97-09840d80d072714235a6013a397e1a21152          2     CHANG'OMBE                                8  5000  10 5002        33322                  
57-17-70-6660701ba742df4cac8fec4f99839ce5d52          1 6000DODOMA                                    1  6000   9  112        32322                  
57-18-27-73325196d639804870989c5645813dfc282          2     MIKUMI                                    8  7000   4   32        22122                  
57-18-56-44b54cede9853b41b4950ae1565695f7f61 8 12001102     MTAMBILE                                  9  2000   0   32        31112                  
57-42-63-42a5ac4d6073f74a7b925232557141af331 3  7611012     MASASI                                   15  7000   2  102        54542                  
57-57-47-642ad94eeebad7436b8fdc6d81fd528e692          2     MARUHUBI                                 10  7000  14  221  35  3113242                  
57-64-79-661f43ed7c202a4586b8e548ccbd69c3b62          2     LUDEWA                                   16 12500   0   02        23112                  
58-00-91-11bf7041ac3d2042b8851971819ded7c992          2     NYERERE SQUARE DODOMA                     6  5500        2        55222                  
58-26-44-48a0dae24c068f404ca1ff8b250cdfe8282          2     TANDALE                                   0 12000 150 3001        24242                  
58-39-06-09c6c4d81af2b8415f950623ef389193fa2          2     MITIMIREFU                                5  5500   2   12        11112                  
58-80-03-38807155a89a424a75b19745feca02e2e52          2     MOSJI MJINI                              14  6000   6   82        22112                  
59-08-38-461e98590eb4584a278c3602cd82674c2b2          2     SOKO LA IGAWILO                         100  6000   0   42        53112                  
59-13-03-49467289ce09d245efaa26dbdf130574842          1 5000MAKOLE                                  0.2  5000   0   32        11112                  
59-26-85-374f47b2cf197945efa727c43b331e2dca2          2     PONGWE                                   14  6000   1   22        22222                  
59-80-69-0006f51831c3c74d799c4dc7a1622ad3dc2          1 6000KIKERERWA                                 0  6000   1  201  60  2611112                  
59-99-46-0217daf20b3e434ebfab2918b5ac9ff7942          2     GONGO LA MBOTO                            2  5000  25  162        12112                  
60-08-15-27f14e56ebf1794a8eb327327a83179efa2          1     DODOMA MJINI                              3         4  102        23232                  
60-22-91-2413f9446e5bd0488aac74098b29f732d72          2     MBEZI                                   0.5  2000 100  501  15   522232                  
60-33-56-84479043057b75453ea2edcff95b7692052          2     MSAMVU                                  1.5  4000  20  252        33232                  
60-38-63-601cbbe2c3d8364a9b823982f796fa2ca8112 35511002     KINYASINI                               4.8 15000   0   32        23122                  
60-82-23-67c95aea9004c44e7987a36f165038c2962          2     MANZESE                                   2  2000  30  302        44112                  
61-67-58-19f9e7da47ec544fb2b332c4a6e70cd1462          2     SONGEA MJINI                              2  6000  25  402        34132                  
61-94-13-019bf220588ea249df87990c6299492f232          1 5500LONGALOMBOGO                              0  5500  10   32        22222                  
61-95-67-05eae04f9d44f04d41a5b915fad9e8e1802          2     STENDI NDOGO ARUSHA                       6  5500  30  502        55112                  
62-74-07-27ffb967d9e5c74a26ade30f318feb7b8c2          1 70007000                                      0 12000   0   02        53211 5 530000000111002
63-70-86-477e157d7177274f538caaca9a6e8d61052          2     MKUYUNI SOKONI                            1  2500   5   12        22112                  
63-90-91-25fada39b7ffaf4aad9aab8236bf4c05ce1 1  2000101 6000NDUGUTI                                  10  6000   3   12        32121131360001111110002
64-07-32-05695da51d1ef54dfab81c3067203687bd2          2     LUPIRO                                   35 10000   8  502        44441 5 541000000000011
64-59-58-64d78767c97856482b9eb8c29a8e839de52          2     IFUNDA                                    2  6500        1        11112                  
64-65-01-443152b71dd51e45b2a554d90693c57e9b2          112000DUTWA                                    25 12000  10   01  50  4042221161630000110000001
64-73-64-28a60104175ece44a882427c3a6620a88d2          1 6500IGOWOLE                                  20  6500        2        11112                  
64-74-56-949ee6dac9291e47d1bf2feddb08051e6c2          2     GAIRO                                     6  6000   0   02        11131212150011100000002
64-90-86-83b88daedc66a64aa8bbfd528d9370e8fc1 1  351100110000ISELAMAGAZI                               0 12000        2        23341141430000001000002
65-13-11-412092478b22284ed3aae6a81aa52fcf241 5  7511111 7000MJI WA BUKOBA                            30  6000   0  152        11222                  
65-81-67-440ebe512b412c4f0495e29b39297e9c421 1 20011012     NAMTUMBO                                 71 13000   2  102        34242                  
66-60-19-68c2861c5d513b4374b4d5963df33404942          2     KWA HAJI TUMBO                          6.5  8000   0   02        32232                  
66-87-67-48b08312442fb842cea466f4cdd7c5e7f62          2     MULEBA                                   25  7000        2        32322                  
67-18-71-960f1861c554234d68b89dd362ee35f49d2          2     MTWARA MJINI                              5   500   5  152        44332                  
67-43-52-36b27c19f0b9984877ad2a5fc119576e762          2     NANSIO                                    9  6000   4   32        34222                  
67-53-49-1227a5fc9732394bf0aad29c5a415054af2          2     BUHONGWA                                  4  5500  15  262        43332                  
67-53-62-248c79e16a7a5b4aa29dbd200e7847316c2          1 6500KIJIJI CHA BULYAHILU                      4  5500   0   52        11112                  
67-88-35-02f577f61ab2a040099fa593b6f0a765f41 1 30001012     NYAISHOZI                                15  5000  15   82        11112                  
67-97-74-04a02c55771b97476ca485b47914766d082          1 6250MINYUNGHE                                20  6000   4   32        44231131350000000000012
68-27-78-239dae409b6cf447cf822894ddd5d766162          2     MBAGALA RANGITATU                         4  2000  10  102        34222                  
68-28-46-82e6a36c5a2f714c0ea5f3464f3500a1b61 1  3311011 5000KIBAONI- KATANI                          12  1000   0   12        44131151530000111110002
68-31-19-50896d20727c3f4d41951ddbd9c43698432          2     IKOLANDOTO                                2  6000       12        33332                  
68-41-25-912e4a826b41d74cc38e288fe75d68245f2          1 6000NYAWILIMILWA                              5  2000   3   42        23232                  
68-44-83-9994247a05d594489baa67dc74943ea6391 7  7011102     KIZIMBANI                               9.6  7000   3   42        13132                  
68-53-75-059da9f449b8b04b72b22d6b57d7b65ae82          2     MPUNGUZI                                  5  8000   5  152        12121 1 140000000001112
68-65-93-02e9397d0f82ad4bfba9cf51e5f8041e332          2     TAMBUKARELI                               3  5000   0   02        33332                  
68-73-55-08e4f3455cc51e425e91c53afd4ac8b2142          2     MANISPAA YA SONGEA MJINI                  3 12000   2   02        14442                  
69-21-22-84ca0d36fcf25d43f9a33167b4b93205fa1 2 26011011 6000KIJIJI CHA WACHAWASEME                    2  6000   5  102        33122                  
69-31-53-126d39df0a5a674d3188c9b0ac6489b3142          2     MAKAMBAKO MJI                             1  6000   0   02        51312                  
69-43-45-371b3f2cc913f54721800e147313d5ab682          2     TANGA MJINI                               2  2000   4  101  15  1514242                  
69-50-05-57e33f57dfb7b84f53858a83ac171ee62a1 1  4001002     MLANDIZI                                  0 12000  20 1501 150 11022322                  
69-86-63-022a082a840e3446b1ae41e76d0befcbbc2          2     IWAWA                                     7  6000   0  212        32232                  
69-86-71-39f4537b7c6c8440ed94409f23e12ea4c42          1 6000MERERANI                                0.6  6000  15  162        22222                  
70-46-01-49e0ca431d47684c169972c0ce2e9e97bb2          2     MKUTI                                     2  5000  10  702        22442                  
70-54-85-53d73678610d1c4314b3630a78716e66052          1 6000MAMULI                                  100  6000   0   01        11112                  
70-77-10-40710b44bd42ab451087304ca68e4c7e9a2          1 6000SIRARI                                   16  5500   0   02        54212                  
70-88-77-37b834a9a3239a4992b0cf29b31cca55722          2     DODOMA MJINI                             16  5000      502        32212                  
70-88-93-42d9aa6e339c7e4eb183f6854ba046085a1 2 1000100111000ARUSHA                                   43 11000   0  152        53551212150000000101001
71-14-74-57986c71d5d3e24c888bc3433d01a8ad641 3 23601002     LALAGO                                    7  6000   9   52        23222                  
71-44-36-118f6af765e99d400f81b359fe46461c462          1 5000BUSO NGO AMCOS                            0  5000   3   02          422                  
71-46-61-4356f34a5a9fd24bcb866f2364511f3e452          1 6000NDAPWA                                    4  6000   4   02        54132                  
71-49-76-645d4c9003739a43239a3ea474bcf69e8b1 3  9001102     FUJONI                                    5  8000   1   02        34412                  
71-55-62-562c51d376dec44350b384686485e7f87b2          2     RANGITATU                                 1   400  50  502        22122                  
71-62-74-523ca15d60c14d4d3aa5e1a004f6841e6c2          1 6000TANGA                                     2  6000   6   92        22222                  
71-69-84-384d4c4e5485c3467f894b18cb63bf53322          2     KASULU MJINI                             60  6000   7   02        54141161670000011100002
72-09-40-5204963ef762834b55ad7af5ccfce0dfdf2          1 5000MWANAKWEREKWE                           1.5  5000   8  262        33112                  
72-21-11-659a9447056768482cbf426a2346d833532          2     BUTIMBA                                 0.5  6000  30  502        22222                  
72-83-64-1283985e7b080342968f59e2a18f9ee8152          2     MWANGA                                   19  4000  15   82        53131 3 341000000011113
73-11-12-85ab8dbb46c0974fefa32004966337caa92          112000TUNDURU MJINI                            10 12000   4   11 109  1811342                  
73-17-49-24b40cf7fde8ac422f92b754bc5e8e16c81 1  6001012     MTWARA MJINI                             50  7500   8  401  60  1511222                  
73-18-91-7856c31995450e4696a30c3cf43bdc20982          1 5000MJI WA BENAKO                             7  1000  15  292        12231181840000011100002
73-35-38-3841e5b2fe3fbc464d8870515ba17ca5dd2          2     MANZESE                                   1  4000 200 2001 120  4832142                  
73-49-58-619cf8711d64da4eda8e9e7f30d541ee002          2     KONGO KIJIJI KWA MALE                     7  6000   0   02        33342                  
73-84-08-5995652a7730b946b7bb692c5d4f56ffc62          2     SOKO LA KATI                              4 12000  16  201 254 12133412                  
74-08-21-61be87f4e96d854f55bdcb608ef6cb5c282          1 6000NYAMUSWA                                  0  6000        1  70  3013132                  
74-63-46-98bf9a124e899e46568c8e4272f9f02a622          2     MTINKO                                   15  6000   0   02        11221131330000000011101
75-04-18-43caa805ee95a64c4d9edca1ea704030e12          2     MAGU                                     15  5500   6   82        24122                  
75-48-08-271144c4f7db1e4524b686a020b24df7782          1 6000MWANJELWA                                 6  6000   6   82        53132                  
75-50-63-56635264b2119845379ad0ab92f905ac5b1 2  3011102     KOROGWE MJINI                            14  6000   0   32        11341 4 461000000000112
75-62-04-494bb0096a24a543cf8860946b5deb2e622          2     BUGURUNI                                200  6000   0   02        54132                  
75-70-17-13dcb4587bbc5e444e8774c64b5184ace42          2     MBAGALA RANGI TATU                        3  6500  16  142        13132                  
75-74-23-94c362363131b94433a81a4766f2bfe1b22          2     NGUDU                                   0.5  6000 100 1002        22222                  
75-92-25-12a70e8ea4b694497b8e948a60f798997e1 1 50000012     TANDAHIMBA                               59 11500  10  302        25532                  
76-08-59-310e8543db68e64eeabeb44e4cb1200a21113 20601002     CHAKE CHAKE                            19.2  6000   0   02        34242                  
76-71-24-28f42b3cff8e7542349510b72ff79b97c61 1 11801001 6000NJOMBE MJINI                              4  6000   0   01 272 24555222                  
76-93-90-55925345c8cb9c4be3bc12178fafd5c0d72          2     ILALA                                     5  4000 100 1002        22232                  
77-22-18-51b7bf6b633ad04f4e9a717968e347a9e71 2  4000011 6000IGUNGA                                  0.2  6000  50 1002        45342                  
77-42-97-77fef6a76e1bb54d098d8f16624b89f5a31 4  5911001 4000KIJIJI CHA NDITU                          2     0   0  942        14322                  
77-52-04-97d9914452244941388c5b8bcb5d733be32          1 6000ARUSHA                                    1  6000   7   91  51  1011112                  
77-76-56-50620c1bddb1e34d9ea13def8af6fb7328118 24601002     CHAKE CHAKE                              30  2000   0   02        22342                  
77-90-43-10899ac1ad6a7a4bec8d3a89d04509486d1 2 50011012     RUNZEWE                                   3  5000   7  402        33321181840000011100003
78-44-73-522794ee8f8b604873a6fb9133ce96ef502          2     BILELE                                    2  5000  10   52        24232                  
78-83-02-820fa9af9aa68f4ac9b401795410d354aa2          2     BUHONGWA                                 12  6000   2  102        22332                  
78-97-99-584beddcfa90a942bfa420d2f1fce1aab42          1 6000IFUNDA                                   45  3000   0   011587 84755132                  
79-01-64-21c262e6ff367d47d78d0c51b127d2aca61 4  5201002     WENI                                      5  7000   0   52        32122                  
79-09-08-534a03266da70c4f358558b877c0c2e0242          1 6000KABUKU                                  0.5  6000  50  402        12122                  
79-27-57-794ecba26a53b844e4ad16274d9cb538472          2     SUMBAWANGA MJINI                          5  6000 100  902        51432                  
79-41-82-58943fb6c176d746cd80d3a6da8bf7567c2          1 6500BANANA                                    3  6500        2        13132                  
79-42-29-08bf89851c4d80445baa9b811c96c105ec2          2     MUNZANI                                  34  6000  21   92        23321181840000011111102
79-44-80-79429d3bb6c0cd4db38d361aebd93138a72          2     MBEYA MJINI                              10  6000   0  502        54142                  
79-53-96-304e20a63c5a7e456ba766ac32dd03dd592          1 6000MWADINGA                                 18  6000  18   61  32  2022232                  
79-57-43-887af8d6f490d34503b9f5ada6d1b978d02          1 4000SHINYANGA                                    5000      152        11332                  
80-69-14-11b0bb817f9b4640fab624ac2bd96d13932          2     NYAGOTO                                  19  6000   0   01  26   932112                  
80-72-14-74155149dde98a4459be442d58a9b919ea2          2     JUMBI                                     6  6000  10  202        22222                  
81-09-47-303174571d030f4ac180dd9105d070da312          1 1000MAHENGE                                  40  5000   5  102        32212                  
81-60-33-05f35516423cb149e69e289374ad87e3542          2     BUGURUNI                                  2  5000        2        33332                  
81-63-39-1661275c87a7394ab6abfe0e69bd48efa12          1 6000MWANKALI                                0.2  6000   6   92        11111171721000000000012
81-64-65-296f588965c68f4cdf96717d3b3ee96d0a2          2     NGARAMTONI                                4  6000   9   01 480 40022222                  
82-00-70-671c8285eaed7943f6bc4e8af04cfef0162          2     MTAA WA SOWETO                            1  6000   0   02        53332                  
82-17-90-7015e67277b5d243b38c6e18cde2266a861 4 10000112     CHAKE CHAKE                                  7000   0   42        53532                  
82-26-76-44842940c8c5e94feaba514018f8bbf2802          1 6000KIJIJI CHA BUSUNZU                        2  6000   6   72        22222                  
82-75-74-7914df7f3205094f6cb1ad0ebc0dffd57b2          2     UKUMBI                                   10  6500        2        32322                  
82-77-75-50faca2f10a55e4dc680ae094982285aa72          1 6000ARUSHA                                    7  6000  10  152        22212                  
82-84-35-907f59f51a87ae48558aed72acef0fca571 3  3011011 5000BWAWANI                                   1  5000   3   72        32322                  
83-10-26-33184226059a514ae09d5ea8828e3f81972          1 8000MELINNE                                8000  8000  20  1911670104623132                  
83-16-59-092e95e11779ab4980bd789a1f3e50ddcd1 1  2511001 1700CHUINI                                    2  2000   3  102        31122                  
83-19-75-7880a444be5f594bbbb262c0a5f367c8a41 1  4000002     HOMBOLO BWAWANI                          40  7500   0   02        13132                  
83-31-96-57c9f7efb1b0bd4ee08d16619193b3d0312          2     KARIAKOO                                  7  3000        2        33132                  
84-07-21-5415971b4b80174f389ebdebefa777e7891 3 20011001 6000MWASUBUYA                                 3  6000  10   02        33332                  
84-08-31-485ed48f906d4a4b4880de3ac100c217812          2     TANDALE                                   3  3000 100 1002        24132                  
84-53-49-90fadb274b86e54c34ae7f02c1cfec28112          2     MBEYA                                     1  1200   0    2        44342                  
84-56-25-6295aa51bd859345a7b74e883c7d06695d2          2     KWA HAJI TUMBO                            2  7000  45   72        24232                  
84-60-65-990bcd7c1503124ac790e8173f5893c5a92          2                                                              2        13132                  
84-69-14-20567e4e70e86347438bf16707195cdb052          1 6000HAPA HAPA USSOKE                        0.7  6000  10  481  35  3555131161660000000111002
84-73-49-07e8d9d3f70cc84637bb4de9f566604de31 1 20001012     LIWALE                                   10  5000   0   02        32312                  
85-22-26-852bda2c1eac93432c8d896537c3fd80e31 1  4001011 5000BAGAMOYO                                 39  5000 100 1002        22221 6 650000011100002
85-50-79-1608729eb4dd9f46b481f6cd8884521dc02          1 8500ANTHON MARTIN                             0 13000  20   02        34111 6 610000000000111
85-58-55-897215b6d570d74650bba1f5e9879556581 1    11001     ARUSHA                                             16  152        22112                  
86-02-90-8516e93c13755944b587ad1f4e4eb15be12          2     KIZIMBANI                               100  7000   5   82        11112                  
86-10-69-358305b1731ef045ee875944e5dfd0f9292          2     UBUNGO                                    4  5000  50  402        14122                  
86-49-04-7691d72c55c3de4f8bb60f5c78388cc1022          1 7000KIGOMA MJINI                             94  6000   7   02        23222                  
86-80-40-00c6927d58fbbc444d86aea583ed45cb2a2          2     TENGERU                                 1.6  6000   4   62        21212                  
86-90-96-40f3743cf3a1b74f91af904ff8abb2c0271 2  1500002     MUEMBE LADU                               1  6000   0   01  15   833232                  
86-92-25-33e586593b34644fb9a3f66401c9d54e602          2     NGYEKE                                   10 13000   2    2        44332                  
86-98-23-705c274d1eb09844af94eb3451358f0c341 5  6611102     KIFUNDI                                 6.4  1000   0  101  20  1824112                  
87-06-46-28fb8d73ee3ffd4dc7be7217ca7ff886b62          2     KIRANJERANJE                              6 10000   0  602        33421 8 810000001100001
87-17-52-5471eda08210544fe6955421246bee256c2          2     MARUHUBI                                6.4  7000  36  702        13222                  
87-30-25-180ab9d4f4756f48d091e2f7a4d7089be12          2     MBAGALA                                   4  3000100010002        33332                  
87-38-35-521354e0ed18054aa594be124c2cbcf8ca2          2     GEITA MJINI                               3  6000        2        21122                  
87-46-51-34041a98d8dd484746b35b0a2233ab4dc61 2 75001001 6000UDURU                                     0  6000   2   12        11112                  
87-55-65-27cac6e574885448b78691dd7000705a422          2     SOMANDA                                  12  5500   0   22        11322                  
87-66-47-570c3e0728968f454e8317f60d9c39dde92          1 6000MISWAKI_ UYUI                            11  6000  16  122        33131141430111000000002
88-06-41-65ee71eb22cc564e3bb993ee1478ce828a1 1  5111011 6000HUNGUMALWA                                7  6000   5   52        23142                  
88-16-97-3578c4e98519c442f3824c2929a0d4be2f2          1 6000ARUSHA MJINI                              2 11500   0   01        12122                  
88-25-09-577a8b0e3237a3493fb08396fb4f70fc271 1 12611002     NYASHIMO                                  3  1000  16  222        55112                  
88-59-39-103121d15662604a64bf868d7c01aa0a082          2     KWA HAJI TUMBO                           10  6000   5  202        21222                  
88-67-87-75683e31d2a4f347628625ffe598a96b4e2          1 6500MAKUTUPORA                                0  6500        2        11232                  
89-52-41-90b320186e6fff4dbd8935c0c0bc561c5e2          112000MIKUMI                                    0 12000   0   32        22341 5 530000000011112
89-55-49-95e4b41cb30f6a45169388727da6d19d5d2          2     MBAGALA                                   3  3500 180 1802        33332                  
89-59-80-00b6004f1f6af44f35922f86141f8afad32          1 6000MRELE                                     2  6000   0   01 500 30022222                  
89-61-03-23077e23e53d3645e7bde2ecab41ebf2d82          2     KASULU MJINI                              3  1000   2   42        22322                  
90-01-93-171e73caa84520478ea865ee63f049f58d2          1 6000MTAA WA MPANDA MJINI                      2  5000   3  152        33222                  
90-06-89-54cbc8caab47f64451bb4fd7e9dcdd55502          1 6000MTWANGO                                   5  6000   0   02        54312                  
90-18-13-09036e6286db5f4aa4bc66d14ada599e931 1 2750011112000USA RIVER                                 0 12000   7   42        11112                  
90-23-51-753904036fad70430993df2854bb6bff072          1 6500KISHINDA                                  7  6000  12   72        33221191950000001110001
90-43-84-8560ccf1e3221544adb085bbccab0891531 1  2001002     MGETA                                     8 12000  10   22        23422                  
90-96-74-8656b4b2c458d04f6a8318b8c8e5634b702          2     MUEMBELADU                                5  6000   6   42        44332                  
91-22-98-765c73a203f7a54992ad02f259b1e861c5110  4001002     KWA HAJI TUMBO                           11  8000   3   52        22342                  
91-47-83-7355c960c382ed41fc8ee00eb1d36907281 1  1511112     IFAKARA                                  10  6000  10  502        32421 5 510000000111001
91-50-98-00e7ffc67e62504f359129f00fc0727af62          2     TANDIKA                                   0  5000        2        13132                  
92-21-22-44b3948aacd95d45e499e300f631f205472          2     LIMBANI                                  11  7000   0   02        41412                  
92-34-52-513319c1f61996408e8d51733d17cbc9f02          2     NKWENDA                                   4  6000   2  352        33232                  
92-42-20-01685501ccf5aa43ec8c133d617d5419811 1    10001 5500KIJIJI CHA KISESA                         0  5500        2        22112                  
92-52-40-53216a7c217d0f4cf5b5cf793d9ebdbcc72          2     TANGA MJINI                               5  8000   5   02        34352                  
92-83-23-71d2d2c4f3efd7421f830032aa2094e4ff2          1 6000KAGERA                                  0.2  6000   5  152        22222                  
92-94-58-2886e54f71a65a4267922b3258726f84502          2     DUKA LA TFDA                              5  6000   3   62        22112                  
93-23-21-022ac403ac1a704deb91b14b5d0163232c2          2     3300                                      0  6000   4   61  80  2011112                  
93-27-32-02d9978cdccf5b4827982a0aa75cdd12452          2     KARIAKOO                                 12 12000  50  502        14122                  
93-53-46-59520d0b2faf064f3fa55774e0fbbb1cca1 2 19011001 6000MLOWO                                    30  6000   5   72        52442                  
93-63-55-05daa8845c85fa4b12a7556a12af7137771 1 10010002     DODOMA MJINI                             35  5000   1   12        55332                  
93-65-03-20678ddbb7c58144ff8d771d8b8af34d1c2          112000HAMISI RAMADHANI                          0 12000   0   02        43321121280000011100002
93-88-74-31d3049893d1e14e0db411e321584382882          2     MBEZI                                     5  4000  29  362        11112                  
94-00-25-76c8793d4f2e544b2aaf6e939ecfd38e6f1 1  150000112000NANGOMBA                                  0  6000   8   42        33442                  
94-11-66-50779410d42c594eb3a65fa214a2f137bb2          1 6000IGOMA                                     2  6000  12  212        33322                  
94-54-13-765bc282681cf4480b80227cbe1a7b67182          2     KILOSA MAKAO MAKUU YA WILAYA              5  6500   3   02        13232                  
95-00-37-30ad1782d7949c4918bebfa8f29e80100e2          2     MWANJELWA                                 8  6000   0   02        52122                  
95-30-66-57ee1833f3c1ad4f79a818b2846c9431401 5 15010002     KWA HAJI TUMBO                           15  7000   2  102        33332                  
95-41-63-839f938846eb6a4a8ca39619216c422ff22          1 6000TANGA MJINI                               2  6000  30  252        14332                  
95-55-41-566ee6f3fc4861469c94e9c6c1b0e4652e2          2     ARUSHA MJINI                              2  6000   7   62        11312                  
95-57-44-062eac5cbb43ca454e9679436cad7320a72          2     KIJIJI CHA MRIJO                         30  6000        2        11331 1 171000000000001
95-75-07-946bdf280b428949108e9b458931ceedf31 1 35711002     MBEYA MJINI                             200 12500        2        11112                  
96-25-20-51b41b8de52fa7436db71be6bf0f5a9a662          2     HAYDOM                                   70  6000   5   22        32321212130000001111111
96-43-03-98ba17eca4ca754132b90c08388b341fd62          2     BUGOROLA                                  8  6000   0   02        23232                  
96-62-91-73be5a95e5c9fc4eed898906706fece7872          2     MWANJELWA                                 2  6000   0   01 100  5052122                  
96-88-99-606c3b6d40cecd47df82d817656d44265d1 1 4000000112000MIJONGWENI                                0 24000   3  5011200 80011112                  
96-97-54-52376ea2dac30a4f8687ae008905f0bd8e2          2                                                              2        11112                  
97-23-41-07b20767802c16448697a2fc6b8cc5a1f22          2     ARUSHA                                  314  6500   0   32        11112                  
97-25-96-574657317287cb4b3087a1b126bdcd0d0a2          2     NKINDWABIYE                             0.4  5500  12   82        23322                  
97-67-70-1735771ac4af3d493e87d2def3bec1619a1 1  4011002     MANYONI MJINI                             3  6000   8  522        51112                  
98-22-62-82edc65303056b4602b88bd2a5db11d5f02          2     MARUHUBI                                  6  2000   0   02        12112                  
98-46-12-09ed5abc5e61af40f3ad5a62f4e9c8770f2          2     LULEMBELA                                 4  6000   2   52        22221181841111000011112
98-48-60-73a958a280d89d4a558577a30d239c1f881 2 21211012     USANGANYA                                 3  5500   7   12        12111121210000000110002
98-92-34-51f4100eabea9e4b97bab88285ab53045d2          1 6000MUNANILA                                  3  6000   3   42        22222                  
99-08-48-89dd0bc9dea0534236a2d6a69c8b7fe2df2          1 7000LUKOZI                                   18  7000  15  102        43112                  
99-33-61-182e62f403dfc94d6aa28444eedd35a1932          2     MWENGE                                    6  6000        2        13132                  
99-85-48-004191375813de4af7b0a989fdd89acac32          1 2000KARIAKOO                                  1  2000  30  301 443 20833112                  
